20190630|0000|0500CZE110|1|81|
20190630|0005|0500CZE110|1|84|
20190630|0010|0500CZE110|1|89|
20190630|0015|0500CZE110|1|93|
20190630|0020|0500CZE110|1|74|
20190630|0025|0500CZE110|1|72|
20190630|0030|0500CZE110|1|74|
20190630|0035|0500CZE110|1|70|
20190630|0040|0500CZE110|1|67|
20190630|0045|0500CZE110|1|55|
20190630|0050|0500CZE110|1|53|
20190630|0055|0500CZE110|1|61|
20190630|0100|0500CZE110|1|61|
20190630|0105|0500CZE110|1|62|
20190630|0110|0500CZE110|1|60|
20190630|0115|0500CZE110|1|53|
20190630|0120|0500CZE110|1|57|
20190630|0125|0500CZE110|1|49|
20190630|0130|0500CZE110|1|50|
20190630|0135|0500CZE110|1|46|
20190630|0140|0500CZE110|1|53|
20190630|0145|0500CZE110|1|47|
20190630|0150|0500CZE110|1|46|
20190630|0155|0500CZE110|1|40|
20190630|0200|0500CZE110|1|43|
20190630|0205|0500CZE110|1|50|
20190630|0210|0500CZE110|1|42|
20190630|0215|0500CZE110|1|43|
20190630|0220|0500CZE110|1|37|
20190630|0225|0500CZE110|1|46|
20190630|0230|0500CZE110|1|38|
20190630|0235|0500CZE110|1|35|
20190630|0240|0500CZE110|1|35|
20190630|0245|0500CZE110|1|29|
20190630|0250|0500CZE110|1|33|
20190630|0255|0500CZE110|1|33|
20190630|0300|0500CZE110|1|36|
20190630|0305|0500CZE110|1|34|
20190630|0310|0500CZE110|1|25|
20190630|0315|0500CZE110|1|32|
20190630|0320|0500CZE110|1|32|
20190630|0325|0500CZE110|1|30|
20190630|0330|0500CZE110|1|29|
20190630|0335|0500CZE110|1|30|
20190630|0340|0500CZE110|1|28|
20190630|0345|0500CZE110|1|38|
20190630|0350|0500CZE110|1|34|
20190630|0355|0500CZE110|1|27|
20190630|0400|0500CZE110|1|32|
20190630|0405|0500CZE110|1|31|
20190630|0410|0500CZE110|1|37|
20190630|0415|0500CZE110|1|49|
20190630|0420|0500CZE110|1|37|
20190630|0425|0500CZE110|1|56|
20190630|0430|0500CZE110|1|52|
20190630|0435|0500CZE110|1|82|
20190630|0440|0500CZE110|1|79|
20190630|0445|0500CZE110|1|77|
20190630|0450|0500CZE110|1|85|
20190630|0455|0500CZE110|1|99|
20190630|0500|0500CZE110|1|85|
20190630|0505|0500CZE110|1|100|
20190630|0510|0500CZE110|1|118|
20190630|0515|0500CZE110|1|112|
20190630|0520|0500CZE110|1|139|
20190630|0525|0500CZE110|1|178|
20190630|0530|0500CZE110|1|169|
20190630|0535|0500CZE110|1|166|
20190630|0540|0500CZE110|1|196|
20190630|0545|0500CZE110|1|222|
20190630|0550|0500CZE110|1|199|
20190630|0555|0500CZE110|1|212|
20190630|0600|0500CZE110|1|175|
20190630|0605|0500CZE110|1|203|
20190630|0610|0500CZE110|1|218|
20190630|0615|0500CZE110|1|203|
20190630|0620|0500CZE110|1|191|
20190630|0625|0500CZE110|1|208|
20190630|0630|0500CZE110|1|197|
20190630|0635|0500CZE110|1|190|
20190630|0640|0500CZE110|1|211|
20190630|0645|0500CZE110|1|207|
20190630|0650|0500CZE110|1|207|
20190630|0655|0500CZE110|1|183|
20190630|0700|0500CZE110|1|191|
20190630|0705|0500CZE110|1|187|
20190630|0710|0500CZE110|1|195|
20190630|0715|0500CZE110|1|189|
20190630|0720|0500CZE110|1|178|
20190630|0725|0500CZE110|1|182|
20190630|0730|0500CZE110|1|193|
20190630|0735|0500CZE110|1|217|
20190630|0740|0500CZE110|1|195|
20190630|0745|0500CZE110|1|184|
20190630|0750|0500CZE110|1|208|
20190630|0755|0500CZE110|1|188|
20190630|0800|0500CZE110|1|199|
20190630|0805|0500CZE110|1|215|
20190630|0810|0500CZE110|1|203|
20190630|0815|0500CZE110|1|218|
20190630|0820|0500CZE110|1|208|
20190630|0825|0500CZE110|1|225|
20190630|0830|0500CZE110|1|224|
20190630|0835|0500CZE110|1|248|
20190630|0840|0500CZE110|1|262|
20190630|0845|0500CZE110|1|264|
20190630|0850|0500CZE110|1|257|
20190630|0855|0500CZE110|1|240|
20190630|0900|0500CZE110|1|241|
20190630|0905|0500CZE110|1|257|
20190630|0910|0500CZE110|1|246|
20190630|0915|0500CZE110|1|271|
20190630|0920|0500CZE110|1|285|
20190630|0925|0500CZE110|1|284|
20190630|0930|0500CZE110|1|301|
20190630|0935|0500CZE110|1|317|
20190630|0940|0500CZE110|1|318|
20190630|0945|0500CZE110|1|308|
20190630|0950|0500CZE110|1|313|
20190630|0955|0500CZE110|1|314|
20190630|1000|0500CZE110|1|325|
20190630|1005|0500CZE110|1|335|
20190630|1010|0500CZE110|1|329|
20190630|1015|0500CZE110|1|328|
20190630|1020|0500CZE110|1|314|
20190630|1025|0500CZE110|1|334|
20190630|1030|0500CZE110|1|310|
20190630|1035|0500CZE110|1|389|
20190630|1040|0500CZE110|1|329|
20190630|1045|0500CZE110|1|339|
20190630|1050|0500CZE110|1|328|
20190630|1055|0500CZE110|1|317|
20190630|1100|0500CZE110|1|355|
20190630|1105|0500CZE110|1|340|
20190630|1110|0500CZE110|1|339|
20190630|1115|0500CZE110|1|368|
20190630|1120|0500CZE110|1|324|
20190630|1125|0500CZE110|1|304|
20190630|1130|0500CZE110|1|348|
20190630|1135|0500CZE110|1|331|
20190630|1140|0500CZE110|1|303|
20190630|1145|0500CZE110|1|300|
20190630|1150|0500CZE110|1|260|
20190630|1155|0500CZE110|1|274|
20190630|1200|0500CZE110|1|312|
20190630|1205|0500CZE110|1|298|
20190630|1210|0500CZE110|1|291|
20190630|1215|0500CZE110|1|285|
20190630|1220|0500CZE110|1|280|
20190630|1225|0500CZE110|1|269|
20190630|1230|0500CZE110|1|262|
20190630|1235|0500CZE110|1|264|
20190630|1240|0500CZE110|1|300|
20190630|1245|0500CZE110|1|304|
20190630|1250|0500CZE110|1|287|
20190630|1255|0500CZE110|1|265|
20190630|1300|0500CZE110|1|274|
20190630|1305|0500CZE110|1|290|
20190630|1310|0500CZE110|1|266|
20190630|1315|0500CZE110|1|282|
20190630|1320|0500CZE110|1|274|
20190630|1325|0500CZE110|1|287|
20190630|1330|0500CZE110|1|286|
20190630|1335|0500CZE110|1|278|
20190630|1340|0500CZE110|1|291|
20190630|1345|0500CZE110|1|302|
20190630|1350|0500CZE110|1|275|
20190630|1355|0500CZE110|1|270|
20190630|1400|0500CZE110|1|293|
20190630|1405|0500CZE110|1|316|
20190630|1410|0500CZE110|1|290|
20190630|1415|0500CZE110|1|274|
20190630|1420|0500CZE110|1|304|
20190630|1425|0500CZE110|1|326|
20190630|1430|0500CZE110|1|322|
20190630|1435|0500CZE110|1|309|
20190630|1440|0500CZE110|1|314|
20190630|1445|0500CZE110|1|291|
20190630|1450|0500CZE110|1|307|
20190630|1455|0500CZE110|1|325|
20190630|1500|0500CZE110|1|321|
20190630|1505|0500CZE110|1|303|
20190630|1510|0500CZE110|1|308|
20190630|1515|0500CZE110|1|339|
20190630|1520|0500CZE110|1|293|
20190630|1525|0500CZE110|1|300|
20190630|1530|0500CZE110|1|305|
20190630|1535|0500CZE110|1|316|
20190630|1540|0500CZE110|1|274|
20190630|1545|0500CZE110|1|315|
20190630|1550|0500CZE110|1|281|
20190630|1555|0500CZE110|1|321|
20190630|1600|0500CZE110|1|294|
20190630|1605|0500CZE110|1|269|
20190630|1610|0500CZE110|1|287|
20190630|1615|0500CZE110|1|280|
20190630|1620|0500CZE110|1|291|
20190630|1625|0500CZE110|1|272|
20190630|1630|0500CZE110|1|281|
20190630|1635|0500CZE110|1|279|
20190630|1640|0500CZE110|1|298|
20190630|1645|0500CZE110|1|257|
20190630|1650|0500CZE110|1|310|
20190630|1655|0500CZE110|1|266|
20190630|1700|0500CZE110|1|271|
20190630|1705|0500CZE110|1|286|
20190630|1710|0500CZE110|1|256|
20190630|1715|0500CZE110|1|275|
20190630|1720|0500CZE110|1|290|
20190630|1725|0500CZE110|1|274|
20190630|1730|0500CZE110|1|233|
20190630|1735|0500CZE110|1|257|
20190630|1740|0500CZE110|1|259|
20190630|1745|0500CZE110|1|262|
20190630|1750|0500CZE110|1|225|
20190630|1755|0500CZE110|1|276|
20190630|1800|0500CZE110|1|251|
20190630|1805|0500CZE110|1|253|
20190630|1810|0500CZE110|1|247|
20190630|1815|0500CZE110|1|243|
20190630|1820|0500CZE110|1|224|
20190630|1825|0500CZE110|1|226|
20190630|1830|0500CZE110|1|226|
20190630|1835|0500CZE110|1|225|
20190630|1840|0500CZE110|1|250|
20190630|1845|0500CZE110|1|226|
20190630|1850|0500CZE110|1|229|
20190630|1855|0500CZE110|1|224|
20190630|1900|0500CZE110|1|231|
20190630|1905|0500CZE110|1|218|
20190630|1910|0500CZE110|1|205|
20190630|1915|0500CZE110|1|226|
20190630|1920|0500CZE110|1|235|
20190630|1925|0500CZE110|1|233|
20190630|1930|0500CZE110|1|207|
20190630|1935|0500CZE110|1|240|
20190630|1940|0500CZE110|1|219|
20190630|1945|0500CZE110|1|234|
20190630|1950|0500CZE110|1|219|
20190630|1955|0500CZE110|1|219|
20190630|2000|0500CZE110|1|237|
20190630|2005|0500CZE110|1|210|
20190630|2010|0500CZE110|1|231|
20190630|2015|0500CZE110|1|232|
20190630|2020|0500CZE110|1|224|
20190630|2025|0500CZE110|1|220|
20190630|2030|0500CZE110|1|216|
20190630|2035|0500CZE110|1|198|
20190630|2040|0500CZE110|1|251|
20190630|2045|0500CZE110|1|257|
20190630|2050|0500CZE110|1|194|
20190630|2055|0500CZE110|1|220|
20190630|2100|0500CZE110|1|209|
20190630|2105|0500CZE110|1|228|
20190630|2110|0500CZE110|1|213|
20190630|2115|0500CZE110|1|229|
20190630|2120|0500CZE110|1|241|
20190630|2125|0500CZE110|1|225|
20190630|2130|0500CZE110|1|199|
20190630|2135|0500CZE110|1|213|
20190630|2140|0500CZE110|1|195|
20190630|2145|0500CZE110|1|209|
20190630|2150|0500CZE110|1|224|
20190630|2155|0500CZE110|1|178|
20190630|2200|0500CZE110|1|227|
20190630|2205|0500CZE110|1|204|
20190630|2210|0500CZE110|1|202|
20190630|2215|0500CZE110|1|188|
20190630|2220|0500CZE110|1|185|
20190630|2225|0500CZE110|1|198|
20190630|2230|0500CZE110|1|171|
20190630|2235|0500CZE110|1|174|
20190630|2240|0500CZE110|1|150|
20190630|2245|0500CZE110|1|166|
20190630|2250|0500CZE110|1|123|
20190630|2255|0500CZE110|1|157|
20190630|2300|0500CZE110|1|168|
20190630|2305|0500CZE110|1|136|
20190630|2310|0500CZE110|1|147|
20190630|2315|0500CZE110|1|128|
20190630|2320|0500CZE110|1|127|
20190630|2325|0500CZE110|1|113|
20190630|2330|0500CZE110|1|107|
20190630|2335|0500CZE110|1|99|
20190630|2340|0500CZE110|1|94|
20190630|2345|0500CZE110|1|89|
20190630|2350|0500CZE110|1|104|
20190630|2355|0500CZE110|1|87|