20190718|0000|0500CZE110|1|90|
20190718|0005|0500CZE110|1|77|
20190718|0010|0500CZE110|1|72|
20190718|0015|0500CZE110|1|69|
20190718|0020|0500CZE110|1|80|
20190718|0025|0500CZE110|1|65|
20190718|0030|0500CZE110|1|68|
20190718|0035|0500CZE110|1|66|
20190718|0040|0500CZE110|1|51|
20190718|0045|0500CZE110|1|45|
20190718|0050|0500CZE110|1|67|
20190718|0055|0500CZE110|1|64|
20190718|0100|0500CZE110|1|67|
20190718|0105|0500CZE110|1|67|
20190718|0110|0500CZE110|1|51|
20190718|0115|0500CZE110|1|65|
20190718|0120|0500CZE110|1|41|
20190718|0125|0500CZE110|1|51|
20190718|0130|0500CZE110|1|48|
20190718|0135|0500CZE110|1|38|
20190718|0140|0500CZE110|1|49|
20190718|0145|0500CZE110|1|53|
20190718|0150|0500CZE110|1|52|
20190718|0155|0500CZE110|1|39|
20190718|0200|0500CZE110|1|42|
20190718|0205|0500CZE110|1|45|
20190718|0210|0500CZE110|1|43|
20190718|0215|0500CZE110|1|39|
20190718|0220|0500CZE110|1|37|
20190718|0225|0500CZE110|1|37|
20190718|0230|0500CZE110|1|37|
20190718|0235|0500CZE110|1|33|
20190718|0240|0500CZE110|1|31|
20190718|0245|0500CZE110|1|33|
20190718|0250|0500CZE110|1|30|
20190718|0255|0500CZE110|1|35|
20190718|0300|0500CZE110|1|38|
20190718|0305|0500CZE110|1|31|
20190718|0310|0500CZE110|1|43|
20190718|0315|0500CZE110|1|31|
20190718|0320|0500CZE110|1|39|
20190718|0325|0500CZE110|1|51|
20190718|0330|0500CZE110|1|41|
20190718|0335|0500CZE110|1|52|
20190718|0340|0500CZE110|1|53|
20190718|0345|0500CZE110|1|43|
20190718|0350|0500CZE110|1|45|
20190718|0355|0500CZE110|1|52|
20190718|0400|0500CZE110|1|46|
20190718|0405|0500CZE110|1|59|
20190718|0410|0500CZE110|1|57|
20190718|0415|0500CZE110|1|58|
20190718|0420|0500CZE110|1|66|
20190718|0425|0500CZE110|1|72|
20190718|0430|0500CZE110|1|95|
20190718|0435|0500CZE110|1|94|
20190718|0440|0500CZE110|1|83|
20190718|0445|0500CZE110|1|125|
20190718|0450|0500CZE110|1|133|
20190718|0455|0500CZE110|1|136|
20190718|0500|0500CZE110|1|100|
20190718|0505|0500CZE110|1|127|
20190718|0510|0500CZE110|1|160|
20190718|0515|0500CZE110|1|144|
20190718|0520|0500CZE110|1|200|
20190718|0525|0500CZE110|1|261|
20190718|0530|0500CZE110|1|240|
20190718|0535|0500CZE110|1|292|
20190718|0540|0500CZE110|1|310|
20190718|0545|0500CZE110|1|330|
20190718|0550|0500CZE110|1|333|
20190718|0555|0500CZE110|1|349|
20190718|0600|0500CZE110|1|285|
20190718|0605|0500CZE110|1|343|
20190718|0610|0500CZE110|1|350|
20190718|0615|0500CZE110|1|338|
20190718|0620|0500CZE110|1|404|
20190718|0625|0500CZE110|1|377|
20190718|0630|0500CZE110|1|398|
20190718|0635|0500CZE110|1|390|
20190718|0640|0500CZE110|1|430|
20190718|0645|0500CZE110|1|396|
20190718|0650|0500CZE110|1|426|
20190718|0655|0500CZE110|1|453|
20190718|0700|0500CZE110|1|414|
20190718|0705|0500CZE110|1|445|
20190718|0710|0500CZE110|1|448|
20190718|0715|0500CZE110|1|448|
20190718|0720|0500CZE110|1|476|
20190718|0725|0500CZE110|1|469|
20190718|0730|0500CZE110|1|485|
20190718|0735|0500CZE110|1|503|
20190718|0740|0500CZE110|1|507|
20190718|0745|0500CZE110|1|457|
20190718|0750|0500CZE110|1|520|
20190718|0755|0500CZE110|1|518|
20190718|0800|0500CZE110|1|507|
20190718|0805|0500CZE110|1|471|
20190718|0810|0500CZE110|1|466|
20190718|0815|0500CZE110|1|477|
20190718|0820|0500CZE110|1|470|
20190718|0825|0500CZE110|1|462|
20190718|0830|0500CZE110|1|440|
20190718|0835|0500CZE110|1|447|
20190718|0840|0500CZE110|1|437|
20190718|0845|0500CZE110|1|425|
20190718|0850|0500CZE110|1|423|
20190718|0855|0500CZE110|1|435|
20190718|0900|0500CZE110|1|450|
20190718|0905|0500CZE110|1|442|
20190718|0910|0500CZE110|1|443|
20190718|0915|0500CZE110|1|441|
20190718|0920|0500CZE110|1|439|
20190718|0925|0500CZE110|1|413|
20190718|0930|0500CZE110|1|460|
20190718|0935|0500CZE110|1|444|
20190718|0940|0500CZE110|1|427|
20190718|0945|0500CZE110|1|448|
20190718|0950|0500CZE110|1|452|
20190718|0955|0500CZE110|1|440|
20190718|1000|0500CZE110|1|425|
20190718|1005|0500CZE110|1|417|
20190718|1010|0500CZE110|1|430|
20190718|1015|0500CZE110|1|437|
20190718|1020|0500CZE110|1|427|
20190718|1025|0500CZE110|1|421|
20190718|1030|0500CZE110|1|388|
20190718|1035|0500CZE110|1|381|
20190718|1040|0500CZE110|1|391|
20190718|1045|0500CZE110|1|398|
20190718|1050|0500CZE110|1|418|
20190718|1055|0500CZE110|1|370|
20190718|1100|0500CZE110|1|410|
20190718|1105|0500CZE110|1|383|
20190718|1110|0500CZE110|1|382|
20190718|1115|0500CZE110|1|396|
20190718|1120|0500CZE110|1|367|
20190718|1125|0500CZE110|1|344|
20190718|1130|0500CZE110|1|354|
20190718|1135|0500CZE110|1|343|
20190718|1140|0500CZE110|1|361|
20190718|1145|0500CZE110|1|347|
20190718|1150|0500CZE110|1|369|
20190718|1155|0500CZE110|1|352|
20190718|1200|0500CZE110|1|350|
20190718|1205|0500CZE110|1|344|
20190718|1210|0500CZE110|1|341|
20190718|1215|0500CZE110|1|349|
20190718|1220|0500CZE110|1|308|
20190718|1225|0500CZE110|1|364|
20190718|1230|0500CZE110|1|307|
20190718|1235|0500CZE110|1|326|
20190718|1240|0500CZE110|1|293|
20190718|1245|0500CZE110|1|323|
20190718|1250|0500CZE110|1|294|
20190718|1255|0500CZE110|1|299|
20190718|1300|0500CZE110|1|324|
20190718|1305|0500CZE110|1|299|
20190718|1310|0500CZE110|1|319|
20190718|1315|0500CZE110|1|312|
20190718|1320|0500CZE110|1|283|
20190718|1325|0500CZE110|1|305|
20190718|1330|0500CZE110|1|264|
20190718|1335|0500CZE110|1|293|
20190718|1340|0500CZE110|1|327|
20190718|1345|0500CZE110|1|317|
20190718|1350|0500CZE110|1|305|
20190718|1355|0500CZE110|1|303|
20190718|1400|0500CZE110|1|312|
20190718|1405|0500CZE110|1|289|
20190718|1410|0500CZE110|1|293|
20190718|1415|0500CZE110|1|337|
20190718|1420|0500CZE110|1|319|
20190718|1425|0500CZE110|1|324|
20190718|1430|0500CZE110|1|285|
20190718|1435|0500CZE110|1|281|
20190718|1440|0500CZE110|1|316|
20190718|1445|0500CZE110|1|288|
20190718|1450|0500CZE110|1|343|
20190718|1455|0500CZE110|1|261|
20190718|1500|0500CZE110|1|281|
20190718|1505|0500CZE110|1|306|
20190718|1510|0500CZE110|1|292|
20190718|1515|0500CZE110|1|303|
20190718|1520|0500CZE110|1|274|
20190718|1525|0500CZE110|1|266|
20190718|1530|0500CZE110|1|285|
20190718|1535|0500CZE110|1|301|
20190718|1540|0500CZE110|1|238|
20190718|1545|0500CZE110|1|276|
20190718|1550|0500CZE110|1|290|
20190718|1555|0500CZE110|1|283|
20190718|1600|0500CZE110|1|290|
20190718|1605|0500CZE110|1|263|
20190718|1610|0500CZE110|1|292|
20190718|1615|0500CZE110|1|290|
20190718|1620|0500CZE110|1|270|
20190718|1625|0500CZE110|1|293|
20190718|1630|0500CZE110|1|280|
20190718|1635|0500CZE110|1|265|
20190718|1640|0500CZE110|1|305|
20190718|1645|0500CZE110|1|319|
20190718|1650|0500CZE110|1|298|
20190718|1655|0500CZE110|1|234|
20190718|1700|0500CZE110|1|275|
20190718|1705|0500CZE110|1|283|
20190718|1710|0500CZE110|1|303|
20190718|1715|0500CZE110|1|263|
20190718|1720|0500CZE110|1|275|
20190718|1725|0500CZE110|1|294|
20190718|1730|0500CZE110|1|287|
20190718|1735|0500CZE110|1|283|
20190718|1740|0500CZE110|1|285|
20190718|1745|0500CZE110|1|258|
20190718|1750|0500CZE110|1|227|
20190718|1755|0500CZE110|1|304|
20190718|1800|0500CZE110|1|279|
20190718|1805|0500CZE110|1|278|
20190718|1810|0500CZE110|1|255|
20190718|1815|0500CZE110|1|256|
20190718|1820|0500CZE110|1|261|
20190718|1825|0500CZE110|1|257|
20190718|1830|0500CZE110|1|247|
20190718|1835|0500CZE110|1|233|
20190718|1840|0500CZE110|1|224|
20190718|1845|0500CZE110|1|248|
20190718|1850|0500CZE110|1|237|
20190718|1855|0500CZE110|1|241|
20190718|1900|0500CZE110|1|238|
20190718|1905|0500CZE110|1|210|
20190718|1910|0500CZE110|1|201|
20190718|1915|0500CZE110|1|210|
20190718|1920|0500CZE110|1|178|
20190718|1925|0500CZE110|1|172|
20190718|1930|0500CZE110|1|189|
20190718|1935|0500CZE110|1|144|
20190718|1940|0500CZE110|1|150|
20190718|1945|0500CZE110|1|177|
20190718|1950|0500CZE110|1|227|
20190718|1955|0500CZE110|1|244|
20190718|2000|0500CZE110|1|185|
20190718|2005|0500CZE110|1|178|
20190718|2010|0500CZE110|1|169|
20190718|2015|0500CZE110|1|170|
20190718|2020|0500CZE110|1|152|
20190718|2025|0500CZE110|1|174|
20190718|2030|0500CZE110|1|167|
20190718|2035|0500CZE110|1|178|
20190718|2040|0500CZE110|1|152|
20190718|2045|0500CZE110|1|185|
20190718|2050|0500CZE110|1|191|
20190718|2055|0500CZE110|1|194|
20190718|2100|0500CZE110|1|179|
20190718|2105|0500CZE110|1|166|
20190718|2110|0500CZE110|1|181|
20190718|2115|0500CZE110|1|174|
20190718|2120|0500CZE110|1|173|
20190718|2125|0500CZE110|1|178|
20190718|2130|0500CZE110|1|158|
20190718|2135|0500CZE110|1|156|
20190718|2140|0500CZE110|1|164|
20190718|2145|0500CZE110|1|139|
20190718|2150|0500CZE110|1|147|
20190718|2155|0500CZE110|1|146|
20190718|2200|0500CZE110|1|154|
20190718|2205|0500CZE110|1|149|
20190718|2210|0500CZE110|1|161|
20190718|2215|0500CZE110|1|160|
20190718|2220|0500CZE110|1|144|
20190718|2225|0500CZE110|1|134|
20190718|2230|0500CZE110|1|147|
20190718|2235|0500CZE110|1|130|
20190718|2240|0500CZE110|1|105|
20190718|2245|0500CZE110|1|106|
20190718|2250|0500CZE110|1|121|
20190718|2255|0500CZE110|1|119|
20190718|2300|0500CZE110|1|143|
20190718|2305|0500CZE110|1|109|
20190718|2310|0500CZE110|1|111|
20190718|2315|0500CZE110|1|117|
20190718|2320|0500CZE110|1|104|
20190718|2325|0500CZE110|1|107|
20190718|2330|0500CZE110|1|109|
20190718|2335|0500CZE110|1|96|
20190718|2340|0500CZE110|1|105|
20190718|2345|0500CZE110|1|78|
20190718|2350|0500CZE110|1|92|
20190718|2355|0500CZE110|1|74|