20190629|0000|0010CZE460|1|236|
20190629|0005|0010CZE460|1|210|
20190629|0010|0010CZE460|1|187|
20190629|0015|0010CZE460|1|197|
20190629|0020|0010CZE460|1|173|
20190629|0025|0010CZE460|1|168|
20190629|0030|0010CZE460|1|176|
20190629|0035|0010CZE460|1|189|
20190629|0040|0010CZE460|1|167|
20190629|0045|0010CZE460|1|160|
20190629|0050|0010CZE460|1|158|
20190629|0055|0010CZE460|1|165|
20190629|0100|0010CZE460|1|157|
20190629|0105|0010CZE460|1|120|
20190629|0110|0010CZE460|1|131|
20190629|0115|0010CZE460|1|143|
20190629|0120|0010CZE460|1|130|
20190629|0125|0010CZE460|1|129|
20190629|0130|0010CZE460|1|113|
20190629|0135|0010CZE460|1|138|
20190629|0140|0010CZE460|1|160|
20190629|0145|0010CZE460|1|150|
20190629|0150|0010CZE460|1|141|
20190629|0155|0010CZE460|1|117|
20190629|0200|0010CZE460|1|125|
20190629|0205|0010CZE460|1|120|
20190629|0210|0010CZE460|1|127|
20190629|0215|0010CZE460|1|131|
20190629|0220|0010CZE460|1|92|
20190629|0225|0010CZE460|1|120|
20190629|0230|0010CZE460|1|123|
20190629|0235|0010CZE460|1|129|
20190629|0240|0010CZE460|1|110|
20190629|0245|0010CZE460|1|96|
20190629|0250|0010CZE460|1|94|
20190629|0255|0010CZE460|1|102|
20190629|0300|0010CZE460|1|110|
20190629|0305|0010CZE460|1|90|
20190629|0310|0010CZE460|1|93|
20190629|0315|0010CZE460|1|84|
20190629|0320|0010CZE460|1|87|
20190629|0325|0010CZE460|1|90|
20190629|0330|0010CZE460|1|91|
20190629|0335|0010CZE460|1|95|
20190629|0340|0010CZE460|1|104|
20190629|0345|0010CZE460|1|93|
20190629|0350|0010CZE460|1|104|
20190629|0355|0010CZE460|1|108|
20190629|0400|0010CZE460|1|96|
20190629|0405|0010CZE460|1|101|
20190629|0410|0010CZE460|1|102|
20190629|0415|0010CZE460|1|107|
20190629|0420|0010CZE460|1|91|
20190629|0425|0010CZE460|1|104|
20190629|0430|0010CZE460|1|116|
20190629|0435|0010CZE460|1|126|
20190629|0440|0010CZE460|1|95|
20190629|0445|0010CZE460|1|115|
20190629|0450|0010CZE460|1|142|
20190629|0455|0010CZE460|1|140|
20190629|0500|0010CZE460|1|134|
20190629|0505|0010CZE460|1|148|
20190629|0510|0010CZE460|1|156|
20190629|0515|0010CZE460|1|156|
20190629|0520|0010CZE460|1|166|
20190629|0525|0010CZE460|1|173|
20190629|0530|0010CZE460|1|180|
20190629|0535|0010CZE460|1|197|
20190629|0540|0010CZE460|1|224|
20190629|0545|0010CZE460|1|227|
20190629|0550|0010CZE460|1|238|
20190629|0555|0010CZE460|1|256|
20190629|0600|0010CZE460|1|237|
20190629|0605|0010CZE460|1|248|
20190629|0610|0010CZE460|1|232|
20190629|0615|0010CZE460|1|237|
20190629|0620|0010CZE460|1|265|
20190629|0625|0010CZE460|1|263|
20190629|0630|0010CZE460|1|260|
20190629|0635|0010CZE460|1|259|
20190629|0640|0010CZE460|1|258|
20190629|0645|0010CZE460|1|268|
20190629|0650|0010CZE460|1|234|
20190629|0655|0010CZE460|1|259|
20190629|0700|0010CZE460|1|230|
20190629|0705|0010CZE460|1|219|
20190629|0710|0010CZE460|1|236|
20190629|0715|0010CZE460|1|249|
20190629|0720|0010CZE460|1|269|
20190629|0725|0010CZE460|1|299|
20190629|0730|0010CZE460|1|304|
20190629|0735|0010CZE460|1|281|
20190629|0740|0010CZE460|1|285|
20190629|0745|0010CZE460|1|316|
20190629|0750|0010CZE460|1|303|
20190629|0755|0010CZE460|1|291|
20190629|0800|0010CZE460|1|302|
20190629|0805|0010CZE460|1|331|
20190629|0810|0010CZE460|1|334|
20190629|0815|0010CZE460|1|351|
20190629|0820|0010CZE460|1|368|
20190629|0825|0010CZE460|1|351|
20190629|0830|0010CZE460|1|369|
20190629|0835|0010CZE460|1|363|
20190629|0840|0010CZE460|1|342|
20190629|0845|0010CZE460|1|328|
20190629|0850|0010CZE460|1|338|
20190629|0855|0010CZE460|1|326|
20190629|0900|0010CZE460|1|343|
20190629|0905|0010CZE460|1|366|
20190629|0910|0010CZE460|1|338|
20190629|0915|0010CZE460|1|368|
20190629|0920|0010CZE460|1|358|
20190629|0925|0010CZE460|1|363|
20190629|0930|0010CZE460|1|358|
20190629|0935|0010CZE460|1|359|
20190629|0940|0010CZE460|1|367|
20190629|0945|0010CZE460|1|383|
20190629|0950|0010CZE460|1|387|
20190629|0955|0010CZE460|1|416|
20190629|1000|0010CZE460|1|395|
20190629|1005|0010CZE460|1|391|
20190629|1010|0010CZE460|1|404|
20190629|1015|0010CZE460|1|409|
20190629|1020|0010CZE460|1|404|
20190629|1025|0010CZE460|1|394|
20190629|1030|0010CZE460|1|414|
20190629|1035|0010CZE460|1|402|
20190629|1040|0010CZE460|1|372|
20190629|1045|0010CZE460|1|378|
20190629|1050|0010CZE460|1|385|
20190629|1055|0010CZE460|1|376|
20190629|1100|0010CZE460|1|372|
20190629|1105|0010CZE460|1|378|
20190629|1110|0010CZE460|1|389|
20190629|1115|0010CZE460|1|435|
20190629|1120|0010CZE460|1|429|
20190629|1125|0010CZE460|1|411|
20190629|1130|0010CZE460|1|418|
20190629|1135|0010CZE460|1|426|
20190629|1140|0010CZE460|1|424|
20190629|1145|0010CZE460|1|414|
20190629|1150|0010CZE460|1|399|
20190629|1155|0010CZE460|1|411|
20190629|1200|0010CZE460|1|397|
20190629|1205|0010CZE460|1|393|
20190629|1210|0010CZE460|1|387|
20190629|1215|0010CZE460|1|400|
20190629|1220|0010CZE460|1|390|
20190629|1225|0010CZE460|1|391|
20190629|1230|0010CZE460|1|371|
20190629|1235|0010CZE460|1|380|
20190629|1240|0010CZE460|1|401|
20190629|1245|0010CZE460|1|377|
20190629|1250|0010CZE460|1|373|
20190629|1255|0010CZE460|1|389|
20190629|1300|0010CZE460|1|395|
20190629|1305|0010CZE460|1|405|
20190629|1310|0010CZE460|1|426|
20190629|1315|0010CZE460|1|427|
20190629|1320|0010CZE460|1|424|
20190629|1325|0010CZE460|1|446|
20190629|1330|0010CZE460|1|458|
20190629|1335|0010CZE460|1|426|
20190629|1340|0010CZE460|1|414|
20190629|1345|0010CZE460|1|435|
20190629|1350|0010CZE460|1|392|
20190629|1355|0010CZE460|1|390|
20190629|1400|0010CZE460|1|375|
20190629|1405|0010CZE460|1|383|
20190629|1410|0010CZE460|1|377|
20190629|1415|0010CZE460|1|378|
20190629|1420|0010CZE460|1|396|
20190629|1425|0010CZE460|1|412|
20190629|1430|0010CZE460|1|383|
20190629|1435|0010CZE460|1|399|
20190629|1440|0010CZE460|1|422|
20190629|1445|0010CZE460|1|454|
20190629|1450|0010CZE460|1|414|
20190629|1455|0010CZE460|1|425|
20190629|1500|0010CZE460|1|415|
20190629|1505|0010CZE460|1|437|
20190629|1510|0010CZE460|1|452|
20190629|1515|0010CZE460|1|439|
20190629|1520|0010CZE460|1|429|
20190629|1525|0010CZE460|1|418|
20190629|1530|0010CZE460|1|418|
20190629|1535|0010CZE460|1|427|
20190629|1540|0010CZE460|1|436|
20190629|1545|0010CZE460|1|428|
20190629|1550|0010CZE460|1|434|
20190629|1555|0010CZE460|1|395|
20190629|1600|0010CZE460|1|378|
20190629|1605|0010CZE460|1|388|
20190629|1610|0010CZE460|1|407|
20190629|1615|0010CZE460|1|443|
20190629|1620|0010CZE460|1|445|
20190629|1625|0010CZE460|1|445|
20190629|1630|0010CZE460|1|462|
20190629|1635|0010CZE460|1|463|
20190629|1640|0010CZE460|1|462|
20190629|1645|0010CZE460|1|484|
20190629|1650|0010CZE460|1|465|
20190629|1655|0010CZE460|1|464|
20190629|1700|0010CZE460|1|444|
20190629|1705|0010CZE460|1|472|
20190629|1710|0010CZE460|1|470|
20190629|1715|0010CZE460|1|467|
20190629|1720|0010CZE460|1|457|
20190629|1725|0010CZE460|1|440|
20190629|1730|0010CZE460|1|453|
20190629|1735|0010CZE460|1|453|
20190629|1740|0010CZE460|1|451|
20190629|1745|0010CZE460|1|462|
20190629|1750|0010CZE460|1|470|
20190629|1755|0010CZE460|1|450|
20190629|1800|0010CZE460|1|444|
20190629|1805|0010CZE460|1|419|
20190629|1810|0010CZE460|1|446|
20190629|1815|0010CZE460|1|457|
20190629|1820|0010CZE460|1|452|
20190629|1825|0010CZE460|1|369|
20190629|1830|0010CZE460|1|349|
20190629|1835|0010CZE460|1|353|
20190629|1840|0010CZE460|1|370|
20190629|1845|0010CZE460|1|393|
20190629|1850|0010CZE460|1|393|
20190629|1855|0010CZE460|1|381|
20190629|1900|0010CZE460|1|368|
20190629|1905|0010CZE460|1|353|
20190629|1910|0010CZE460|1|329|
20190629|1915|0010CZE460|1|335|
20190629|1920|0010CZE460|1|348|
20190629|1925|0010CZE460|1|348|
20190629|1930|0010CZE460|1|324|
20190629|1935|0010CZE460|1|336|
20190629|1940|0010CZE460|1|361|
20190629|1945|0010CZE460|1|409|
20190629|1950|0010CZE460|1|371|
20190629|1955|0010CZE460|1|410|
20190629|2000|0010CZE460|1|335|
20190629|2005|0010CZE460|1|298|
20190629|2010|0010CZE460|1|318|
20190629|2015|0010CZE460|1|304|
20190629|2020|0010CZE460|1|308|
20190629|2025|0010CZE460|1|325|
20190629|2030|0010CZE460|1|310|
20190629|2035|0010CZE460|1|293|
20190629|2040|0010CZE460|1|308|
20190629|2045|0010CZE460|1|337|
20190629|2050|0010CZE460|1|334|
20190629|2055|0010CZE460|1|350|
20190629|2100|0010CZE460|1|361|
20190629|2105|0010CZE460|1|338|
20190629|2110|0010CZE460|1|344|
20190629|2115|0010CZE460|1|342|
20190629|2120|0010CZE460|1|374|
20190629|2125|0010CZE460|1|401|
20190629|2130|0010CZE460|1|351|
20190629|2135|0010CZE460|1|327|
20190629|2140|0010CZE460|1|354|
20190629|2145|0010CZE460|1|378|
20190629|2150|0010CZE460|1|345|
20190629|2155|0010CZE460|1|316|
20190629|2200|0010CZE460|1|338|
20190629|2205|0010CZE460|1|326|
20190629|2210|0010CZE460|1|316|
20190629|2215|0010CZE460|1|280|
20190629|2220|0010CZE460|1|303|
20190629|2225|0010CZE460|1|313|
20190629|2230|0010CZE460|1|302|
20190629|2235|0010CZE460|1|294|
20190629|2240|0010CZE460|1|253|
20190629|2245|0010CZE460|1|301|
20190629|2250|0010CZE460|1|256|
20190629|2255|0010CZE460|1|259|
20190629|2300|0010CZE460|1|259|
20190629|2305|0010CZE460|1|221|
20190629|2310|0010CZE460|1|231|
20190629|2315|0010CZE460|1|228|
20190629|2320|0010CZE460|1|221|
20190629|2325|0010CZE460|1|217|
20190629|2330|0010CZE460|1|202|
20190629|2335|0010CZE460|1|197|
20190629|2340|0010CZE460|1|175|
20190629|2345|0010CZE460|1|181|
20190629|2350|0010CZE460|1|163|
20190629|2355|0010CZE460|1|155|