20190630|0000|0010CZE460|1|153|
20190630|0005|0010CZE460|1|151|
20190630|0010|0010CZE460|1|138|
20190630|0015|0010CZE460|1|136|
20190630|0020|0010CZE460|1|124|
20190630|0025|0010CZE460|1|154|
20190630|0030|0010CZE460|1|136|
20190630|0035|0010CZE460|1|136|
20190630|0040|0010CZE460|1|132|
20190630|0045|0010CZE460|1|119|
20190630|0050|0010CZE460|1|117|
20190630|0055|0010CZE460|1|96|
20190630|0100|0010CZE460|1|110|
20190630|0105|0010CZE460|1|99|
20190630|0110|0010CZE460|1|101|
20190630|0115|0010CZE460|1|104|
20190630|0120|0010CZE460|1|96|
20190630|0125|0010CZE460|1|97|
20190630|0130|0010CZE460|1|88|
20190630|0135|0010CZE460|1|75|
20190630|0140|0010CZE460|1|72|
20190630|0145|0010CZE460|1|82|
20190630|0150|0010CZE460|1|79|
20190630|0155|0010CZE460|1|80|
20190630|0200|0010CZE460|1|67|
20190630|0205|0010CZE460|1|63|
20190630|0210|0010CZE460|1|65|
20190630|0215|0010CZE460|1|62|
20190630|0220|0010CZE460|1|52|
20190630|0225|0010CZE460|1|61|
20190630|0230|0010CZE460|1|63|
20190630|0235|0010CZE460|1|67|
20190630|0240|0010CZE460|1|68|
20190630|0245|0010CZE460|1|52|
20190630|0250|0010CZE460|1|61|
20190630|0255|0010CZE460|1|54|
20190630|0300|0010CZE460|1|59|
20190630|0305|0010CZE460|1|59|
20190630|0310|0010CZE460|1|47|
20190630|0315|0010CZE460|1|54|
20190630|0320|0010CZE460|1|49|
20190630|0325|0010CZE460|1|44|
20190630|0330|0010CZE460|1|54|
20190630|0335|0010CZE460|1|42|
20190630|0340|0010CZE460|1|51|
20190630|0345|0010CZE460|1|44|
20190630|0350|0010CZE460|1|40|
20190630|0355|0010CZE460|1|43|
20190630|0400|0010CZE460|1|48|
20190630|0405|0010CZE460|1|44|
20190630|0410|0010CZE460|1|56|
20190630|0415|0010CZE460|1|58|
20190630|0420|0010CZE460|1|59|
20190630|0425|0010CZE460|1|56|
20190630|0430|0010CZE460|1|48|
20190630|0435|0010CZE460|1|39|
20190630|0440|0010CZE460|1|63|
20190630|0445|0010CZE460|1|60|
20190630|0450|0010CZE460|1|58|
20190630|0455|0010CZE460|1|64|
20190630|0500|0010CZE460|1|62|
20190630|0505|0010CZE460|1|74|
20190630|0510|0010CZE460|1|72|
20190630|0515|0010CZE460|1|81|
20190630|0520|0010CZE460|1|76|
20190630|0525|0010CZE460|1|92|
20190630|0530|0010CZE460|1|103|
20190630|0535|0010CZE460|1|102|
20190630|0540|0010CZE460|1|123|
20190630|0545|0010CZE460|1|127|
20190630|0550|0010CZE460|1|119|
20190630|0555|0010CZE460|1|115|
20190630|0600|0010CZE460|1|121|
20190630|0605|0010CZE460|1|118|
20190630|0610|0010CZE460|1|116|
20190630|0615|0010CZE460|1|127|
20190630|0620|0010CZE460|1|156|
20190630|0625|0010CZE460|1|138|
20190630|0630|0010CZE460|1|134|
20190630|0635|0010CZE460|1|127|
20190630|0640|0010CZE460|1|123|
20190630|0645|0010CZE460|1|134|
20190630|0650|0010CZE460|1|129|
20190630|0655|0010CZE460|1|136|
20190630|0700|0010CZE460|1|138|
20190630|0705|0010CZE460|1|132|
20190630|0710|0010CZE460|1|151|
20190630|0715|0010CZE460|1|165|
20190630|0720|0010CZE460|1|174|
20190630|0725|0010CZE460|1|192|
20190630|0730|0010CZE460|1|183|
20190630|0735|0010CZE460|1|165|
20190630|0740|0010CZE460|1|151|
20190630|0745|0010CZE460|1|182|
20190630|0750|0010CZE460|1|205|
20190630|0755|0010CZE460|1|196|
20190630|0800|0010CZE460|1|206|
20190630|0805|0010CZE460|1|203|
20190630|0810|0010CZE460|1|212|
20190630|0815|0010CZE460|1|245|
20190630|0820|0010CZE460|1|246|
20190630|0825|0010CZE460|1|289|
20190630|0830|0010CZE460|1|264|
20190630|0835|0010CZE460|1|300|
20190630|0840|0010CZE460|1|291|
20190630|0845|0010CZE460|1|269|
20190630|0850|0010CZE460|1|304|
20190630|0855|0010CZE460|1|288|
20190630|0900|0010CZE460|1|277|
20190630|0905|0010CZE460|1|309|
20190630|0910|0010CZE460|1|331|
20190630|0915|0010CZE460|1|357|
20190630|0920|0010CZE460|1|349|
20190630|0925|0010CZE460|1|364|
20190630|0930|0010CZE460|1|349|
20190630|0935|0010CZE460|1|360|
20190630|0940|0010CZE460|1|359|
20190630|0945|0010CZE460|1|369|
20190630|0950|0010CZE460|1|374|
20190630|0955|0010CZE460|1|362|
20190630|1000|0010CZE460|1|336|
20190630|1005|0010CZE460|1|362|
20190630|1010|0010CZE460|1|379|
20190630|1015|0010CZE460|1|380|
20190630|1020|0010CZE460|1|398|
20190630|1025|0010CZE460|1|376|
20190630|1030|0010CZE460|1|377|
20190630|1035|0010CZE460|1|387|
20190630|1040|0010CZE460|1|417|
20190630|1045|0010CZE460|1|434|
20190630|1050|0010CZE460|1|392|
20190630|1055|0010CZE460|1|390|
20190630|1100|0010CZE460|1|373|
20190630|1105|0010CZE460|1|381|
20190630|1110|0010CZE460|1|412|
20190630|1115|0010CZE460|1|374|
20190630|1120|0010CZE460|1|385|
20190630|1125|0010CZE460|1|392|
20190630|1130|0010CZE460|1|399|
20190630|1135|0010CZE460|1|403|
20190630|1140|0010CZE460|1|397|
20190630|1145|0010CZE460|1|400|
20190630|1150|0010CZE460|1|402|
20190630|1155|0010CZE460|1|397|
20190630|1200|0010CZE460|1|379|
20190630|1205|0010CZE460|1|405|
20190630|1210|0010CZE460|1|380|
20190630|1215|0010CZE460|1|436|
20190630|1220|0010CZE460|1|417|
20190630|1225|0010CZE460|1|413|
20190630|1230|0010CZE460|1|421|
20190630|1235|0010CZE460|1|363|
20190630|1240|0010CZE460|1|402|
20190630|1245|0010CZE460|1|418|
20190630|1250|0010CZE460|1|430|
20190630|1255|0010CZE460|1|406|
20190630|1300|0010CZE460|1|423|
20190630|1305|0010CZE460|1|425|
20190630|1310|0010CZE460|1|389|
20190630|1315|0010CZE460|1|409|
20190630|1320|0010CZE460|1|418|
20190630|1325|0010CZE460|1|412|
20190630|1330|0010CZE460|1|454|
20190630|1335|0010CZE460|1|414|
20190630|1340|0010CZE460|1|423|
20190630|1345|0010CZE460|1|386|
20190630|1350|0010CZE460|1|410|
20190630|1355|0010CZE460|1|411|
20190630|1400|0010CZE460|1|425|
20190630|1405|0010CZE460|1|376|
20190630|1410|0010CZE460|1|345|
20190630|1415|0010CZE460|1|335|
20190630|1420|0010CZE460|1|409|
20190630|1425|0010CZE460|1|422|
20190630|1430|0010CZE460|1|401|
20190630|1435|0010CZE460|1|405|
20190630|1440|0010CZE460|1|425|
20190630|1445|0010CZE460|1|409|
20190630|1450|0010CZE460|1|415|
20190630|1455|0010CZE460|1|446|
20190630|1500|0010CZE460|1|442|
20190630|1505|0010CZE460|1|425|
20190630|1510|0010CZE460|1|419|
20190630|1515|0010CZE460|1|410|
20190630|1520|0010CZE460|1|419|
20190630|1525|0010CZE460|1|448|
20190630|1530|0010CZE460|1|444|
20190630|1535|0010CZE460|1|453|
20190630|1540|0010CZE460|1|446|
20190630|1545|0010CZE460|1|392|
20190630|1550|0010CZE460|1|392|
20190630|1555|0010CZE460|1|406|
20190630|1600|0010CZE460|1|403|
20190630|1605|0010CZE460|1|414|
20190630|1610|0010CZE460|1|447|
20190630|1615|0010CZE460|1|415|
20190630|1620|0010CZE460|1|448|
20190630|1625|0010CZE460|1|449|
20190630|1630|0010CZE460|1|458|
20190630|1635|0010CZE460|1|452|
20190630|1640|0010CZE460|1|437|
20190630|1645|0010CZE460|1|444|
20190630|1650|0010CZE460|1|443|
20190630|1655|0010CZE460|1|415|
20190630|1700|0010CZE460|1|409|
20190630|1705|0010CZE460|1|404|
20190630|1710|0010CZE460|1|402|
20190630|1715|0010CZE460|1|406|
20190630|1720|0010CZE460|1|410|
20190630|1725|0010CZE460|1|432|
20190630|1730|0010CZE460|1|446|
20190630|1735|0010CZE460|1|408|
20190630|1740|0010CZE460|1|407|
20190630|1745|0010CZE460|1|410|
20190630|1750|0010CZE460|1|460|
20190630|1755|0010CZE460|1|456|
20190630|1800|0010CZE460|1|441|
20190630|1805|0010CZE460|1|433|
20190630|1810|0010CZE460|1|416|
20190630|1815|0010CZE460|1|419|
20190630|1820|0010CZE460|1|415|
20190630|1825|0010CZE460|1|408|
20190630|1830|0010CZE460|1|389|
20190630|1835|0010CZE460|1|380|
20190630|1840|0010CZE460|1|361|
20190630|1845|0010CZE460|1|409|
20190630|1850|0010CZE460|1|403|
20190630|1855|0010CZE460|1|360|
20190630|1900|0010CZE460|1|364|
20190630|1905|0010CZE460|1|393|
20190630|1910|0010CZE460|1|443|
20190630|1915|0010CZE460|1|381|
20190630|1920|0010CZE460|1|376|
20190630|1925|0010CZE460|1|399|
20190630|1930|0010CZE460|1|399|
20190630|1935|0010CZE460|1|369|
20190630|1940|0010CZE460|1|375|
20190630|1945|0010CZE460|1|392|
20190630|1950|0010CZE460|1|397|
20190630|1955|0010CZE460|1|373|
20190630|2000|0010CZE460|1|405|
20190630|2005|0010CZE460|1|391|
20190630|2010|0010CZE460|1|380|
20190630|2015|0010CZE460|1|376|
20190630|2020|0010CZE460|1|426|
20190630|2025|0010CZE460|1|429|
20190630|2030|0010CZE460|1|374|
20190630|2035|0010CZE460|1|383|
20190630|2040|0010CZE460|1|354|
20190630|2045|0010CZE460|1|360|
20190630|2050|0010CZE460|1|343|
20190630|2055|0010CZE460|1|352|
20190630|2100|0010CZE460|1|398|
20190630|2105|0010CZE460|1|416|
20190630|2110|0010CZE460|1|406|
20190630|2115|0010CZE460|1|373|
20190630|2120|0010CZE460|1|376|
20190630|2125|0010CZE460|1|417|
20190630|2130|0010CZE460|1|425|
20190630|2135|0010CZE460|1|359|
20190630|2140|0010CZE460|1|350|
20190630|2145|0010CZE460|1|355|
20190630|2150|0010CZE460|1|369|
20190630|2155|0010CZE460|1|364|
20190630|2200|0010CZE460|1|351|
20190630|2205|0010CZE460|1|321|
20190630|2210|0010CZE460|1|327|
20190630|2215|0010CZE460|1|313|
20190630|2220|0010CZE460|1|326|
20190630|2225|0010CZE460|1|313|
20190630|2230|0010CZE460|1|307|
20190630|2235|0010CZE460|1|347|
20190630|2240|0010CZE460|1|306|
20190630|2245|0010CZE460|1|330|
20190630|2250|0010CZE460|1|311|
20190630|2255|0010CZE460|1|298|
20190630|2300|0010CZE460|1|318|
20190630|2305|0010CZE460|1|265|
20190630|2310|0010CZE460|1|241|
20190630|2315|0010CZE460|1|234|
20190630|2320|0010CZE460|1|243|
20190630|2325|0010CZE460|1|247|
20190630|2330|0010CZE460|1|222|
20190630|2335|0010CZE460|1|244|
20190630|2340|0010CZE460|1|212|
20190630|2345|0010CZE460|1|211|
20190630|2350|0010CZE460|1|179|
20190630|2355|0010CZE460|1|173|