20190720|0000|0500CZS120|1|101.47|
20190720|0005|0500CZS120|1|102.37|
20190720|0010|0500CZS120|1|102.91|
20190720|0015|0500CZS120|1|101.07|
20190720|0020|0500CZS120|1|101.42|
20190720|0025|0500CZS120|1|99.58|
20190720|0030|0500CZS120|1|99.37|
20190720|0035|0500CZS120|1|100.62|
20190720|0040|0500CZS120|1|101.51|
20190720|0045|0500CZS120|1|100.00|
20190720|0050|0500CZS120|1|100.79|
20190720|0055|0500CZS120|1|102.44|
20190720|0100|0500CZS120|1|99.38|
20190720|0105|0500CZS120|1|101.66|
20190720|0110|0500CZS120|1|99.86|
20190720|0115|0500CZS120|1|99.07|
20190720|0120|0500CZS120|1|98.29|
20190720|0125|0500CZS120|1|97.57|
20190720|0130|0500CZS120|1|98.49|
20190720|0135|0500CZS120|1|99.92|
20190720|0140|0500CZS120|1|101.98|
20190720|0145|0500CZS120|1|100.33|
20190720|0150|0500CZS120|1|101.77|
20190720|0155|0500CZS120|1|100.18|
20190720|0200|0500CZS120|1|100.14|
20190720|0205|0500CZS120|1|98.66|
20190720|0210|0500CZS120|1|99.10|
20190720|0215|0500CZS120|1|99.23|
20190720|0220|0500CZS120|1|97.99|
20190720|0225|0500CZS120|1|95.68|
20190720|0230|0500CZS120|1|101.25|
20190720|0235|0500CZS120|1|100.30|
20190720|0240|0500CZS120|1|95.73|
20190720|0245|0500CZS120|1|97.16|
20190720|0250|0500CZS120|1|98.50|
20190720|0255|0500CZS120|1|96.14|
20190720|0300|0500CZS120|1|95.42|
20190720|0305|0500CZS120|1|96.12|
20190720|0310|0500CZS120|1|96.80|
20190720|0315|0500CZS120|1|99.00|
20190720|0320|0500CZS120|1|99.29|
20190720|0325|0500CZS120|1|93.58|
20190720|0330|0500CZS120|1|97.30|
20190720|0335|0500CZS120|1|91.88|
20190720|0340|0500CZS120|1|94.88|
20190720|0345|0500CZS120|1|96.78|
20190720|0350|0500CZS120|1|96.43|
20190720|0355|0500CZS120|1|95.18|
20190720|0400|0500CZS120|1|94.01|
20190720|0405|0500CZS120|1|94.85|
20190720|0410|0500CZS120|1|94.72|
20190720|0415|0500CZS120|1|95.15|
20190720|0420|0500CZS120|1|91.78|
20190720|0425|0500CZS120|1|96.23|
20190720|0430|0500CZS120|1|92.47|
20190720|0435|0500CZS120|1|94.19|
20190720|0440|0500CZS120|1|95.13|
20190720|0445|0500CZS120|1|94.64|
20190720|0450|0500CZS120|1|95.32|
20190720|0455|0500CZS120|1|93.44|
20190720|0500|0500CZS120|1|95.96|
20190720|0505|0500CZS120|1|97.05|
20190720|0510|0500CZS120|1|96.46|
20190720|0515|0500CZS120|1|94.43|
20190720|0520|0500CZS120|1|94.26|
20190720|0525|0500CZS120|1|97.31|
20190720|0530|0500CZS120|1|95.82|
20190720|0535|0500CZS120|1|95.14|
20190720|0540|0500CZS120|1|98.25|
20190720|0545|0500CZS120|1|98.12|
20190720|0550|0500CZS120|1|99.54|
20190720|0555|0500CZS120|1|99.16|
20190720|0600|0500CZS120|1|99.76|
20190720|0605|0500CZS120|1|97.25|
20190720|0610|0500CZS120|1|99.76|
20190720|0615|0500CZS120|1|99.16|
20190720|0620|0500CZS120|1|101.44|
20190720|0625|0500CZS120|1|100.49|
20190720|0630|0500CZS120|1|100.83|
20190720|0635|0500CZS120|1|97.90|
20190720|0640|0500CZS120|1|97.70|
20190720|0645|0500CZS120|1|98.88|
20190720|0650|0500CZS120|1|98.29|
20190720|0655|0500CZS120|1|100.87|
20190720|0700|0500CZS120|1|99.45|
20190720|0705|0500CZS120|1|99.51|
20190720|0710|0500CZS120|1|100.14|
20190720|0715|0500CZS120|1|98.50|
20190720|0720|0500CZS120|1|99.41|
20190720|0725|0500CZS120|1|98.22|
20190720|0730|0500CZS120|1|99.56|
20190720|0735|0500CZS120|1|97.30|
20190720|0740|0500CZS120|1|94.64|
20190720|0745|0500CZS120|1|97.26|
20190720|0750|0500CZS120|1|95.46|
20190720|0755|0500CZS120|1|96.64|
20190720|0800|0500CZS120|1|97.78|
20190720|0805|0500CZS120|1|95.42|
20190720|0810|0500CZS120|1|93.71|
20190720|0815|0500CZS120|1|94.13|
20190720|0820|0500CZS120|1|96.44|
20190720|0825|0500CZS120|1|95.24|
20190720|0830|0500CZS120|1|96.33|
20190720|0835|0500CZS120|1|97.20|
20190720|0840|0500CZS120|1|96.25|
20190720|0845|0500CZS120|1|96.36|
20190720|0850|0500CZS120|1|97.22|
20190720|0855|0500CZS120|1|94.43|
20190720|0900|0500CZS120|1|94.78|
20190720|0905|0500CZS120|1|98.34|
20190720|0910|0500CZS120|1|96.69|
20190720|0915|0500CZS120|1|99.09|
20190720|0920|0500CZS120|1|97.44|
20190720|0925|0500CZS120|1|97.38|
20190720|0930|0500CZS120|1|98.46|
20190720|0935|0500CZS120|1|97.02|
20190720|0940|0500CZS120|1|96.30|
20190720|0945|0500CZS120|1|97.43|
20190720|0950|0500CZS120|1|96.20|
20190720|0955|0500CZS120|1|98.52|
20190720|1000|0500CZS120|1|98.30|
20190720|1005|0500CZS120|1|98.21|
20190720|1010|0500CZS120|1|98.10|
20190720|1015|0500CZS120|1|96.13|
20190720|1020|0500CZS120|1|95.09|
20190720|1025|0500CZS120|1|94.56|
20190720|1030|0500CZS120|1|93.52|
20190720|1035|0500CZS120|1|95.03|
20190720|1040|0500CZS120|1|95.67|
20190720|1045|0500CZS120|1|93.75|
20190720|1050|0500CZS120|1|96.06|
20190720|1055|0500CZS120|1|97.40|
20190720|1100|0500CZS120|1|98.63|
20190720|1105|0500CZS120|1|96.35|
20190720|1110|0500CZS120|1|96.93|
20190720|1115|0500CZS120|1|98.93|
20190720|1120|0500CZS120|1|96.15|
20190720|1125|0500CZS120|1|97.82|
20190720|1130|0500CZS120|1|97.23|
20190720|1135|0500CZS120|1|100.05|
20190720|1140|0500CZS120|1|98.69|
20190720|1145|0500CZS120|1|99.30|
20190720|1150|0500CZS120|1|100.02|
20190720|1155|0500CZS120|1|98.74|
20190720|1200|0500CZS120|1|99.49|
20190720|1205|0500CZS120|1|100.81|
20190720|1210|0500CZS120|1|98.94|
20190720|1215|0500CZS120|1|99.51|
20190720|1220|0500CZS120|1|101.25|
20190720|1225|0500CZS120|1|101.03|
20190720|1230|0500CZS120|1|101.10|
20190720|1235|0500CZS120|1|101.71|
20190720|1240|0500CZS120|1|99.71|
20190720|1245|0500CZS120|1|102.33|
20190720|1250|0500CZS120|1|98.97|
20190720|1255|0500CZS120|1|99.13|
20190720|1300|0500CZS120|1|100.02|
20190720|1305|0500CZS120|1|101.50|
20190720|1310|0500CZS120|1|100.96|
20190720|1315|0500CZS120|1|99.52|
20190720|1320|0500CZS120|1|99.36|
20190720|1325|0500CZS120|1|100.44|
20190720|1330|0500CZS120|1|102.21|
20190720|1335|0500CZS120|1|98.74|
20190720|1340|0500CZS120|1|97.20|
20190720|1345|0500CZS120|1|98.44|
20190720|1350|0500CZS120|1|99.14|
20190720|1355|0500CZS120|1|100.34|
20190720|1400|0500CZS120|1|97.50|
20190720|1405|0500CZS120|1|98.76|
20190720|1410|0500CZS120|1|99.82|
20190720|1415|0500CZS120|1|97.85|
20190720|1420|0500CZS120|1|99.37|
20190720|1425|0500CZS120|1|99.74|
20190720|1430|0500CZS120|1|99.99|
20190720|1435|0500CZS120|1|97.56|
20190720|1440|0500CZS120|1|99.47|
20190720|1445|0500CZS120|1|101.61|
20190720|1450|0500CZS120|1|100.64|
20190720|1455|0500CZS120|1|100.31|
20190720|1500|0500CZS120|1|98.42|
20190720|1505|0500CZS120|1|99.86|
20190720|1510|0500CZS120|1|99.23|
20190720|1515|0500CZS120|1|100.36|
20190720|1520|0500CZS120|1|99.30|
20190720|1525|0500CZS120|1|99.74|
20190720|1530|0500CZS120|1|99.33|
20190720|1535|0500CZS120|1|99.88|
20190720|1540|0500CZS120|1|100.55|
20190720|1545|0500CZS120|1|100.95|
20190720|1550|0500CZS120|1|101.89|
20190720|1555|0500CZS120|1|102.08|
20190720|1600|0500CZS120|1|100.22|
20190720|1605|0500CZS120|1|99.78|
20190720|1610|0500CZS120|1|100.96|
20190720|1615|0500CZS120|1|97.08|
20190720|1620|0500CZS120|1|95.49|
20190720|1625|0500CZS120|1|96.22|
20190720|1630|0500CZS120|1|96.26|
20190720|1635|0500CZS120|1|98.27|
20190720|1640|0500CZS120|1|100.61|
20190720|1645|0500CZS120|1|97.02|
20190720|1650|0500CZS120|1|99.35|
20190720|1655|0500CZS120|1|99.24|
20190720|1700|0500CZS120|1|96.37|
20190720|1705|0500CZS120|1|97.13|
20190720|1710|0500CZS120|1|98.09|
20190720|1715|0500CZS120|1|99.64|
20190720|1720|0500CZS120|1|100.93|
20190720|1725|0500CZS120|1|98.13|
20190720|1730|0500CZS120|1|96.24|
20190720|1735|0500CZS120|1|97.07|
20190720|1740|0500CZS120|1|98.60|
20190720|1745|0500CZS120|1|101.06|
20190720|1750|0500CZS120|1|98.72|
20190720|1755|0500CZS120|1|100.56|
20190720|1800|0500CZS120|1|100.49|
20190720|1805|0500CZS120|1|99.39|
20190720|1810|0500CZS120|1|99.94|
20190720|1815|0500CZS120|1|98.78|
20190720|1820|0500CZS120|1|100.89|
20190720|1825|0500CZS120|1|100.64|
20190720|1830|0500CZS120|1|99.10|
20190720|1835|0500CZS120|1|101.05|
20190720|1840|0500CZS120|1|99.46|
20190720|1845|0500CZS120|1|99.39|
20190720|1850|0500CZS120|1|98.69|
20190720|1855|0500CZS120|1|99.12|
20190720|1900|0500CZS120|1|99.84|
20190720|1905|0500CZS120|1|100.00|
20190720|1910|0500CZS120|1|101.47|
20190720|1915|0500CZS120|1|100.16|
20190720|1920|0500CZS120|1|100.79|
20190720|1925|0500CZS120|1|101.91|
20190720|1930|0500CZS120|1|100.92|
20190720|1935|0500CZS120|1|101.25|
20190720|1940|0500CZS120|1|101.06|
20190720|1945|0500CZS120|1|103.51|
20190720|1950|0500CZS120|1|97.31|
20190720|1955|0500CZS120|1|98.90|
20190720|2000|0500CZS120|1|100.49|
20190720|2005|0500CZS120|1|98.94|
20190720|2010|0500CZS120|1|99.36|
20190720|2015|0500CZS120|1|96.89|
20190720|2020|0500CZS120|1|96.15|
20190720|2025|0500CZS120|1|97.49|
20190720|2030|0500CZS120|1|96.44|
20190720|2035|0500CZS120|1|95.25|
20190720|2040|0500CZS120|1|100.14|
20190720|2045|0500CZS120|1|98.65|
20190720|2050|0500CZS120|1|98.48|
20190720|2055|0500CZS120|1|97.72|
20190720|2100|0500CZS120|1|98.28|
20190720|2105|0500CZS120|1|98.92|
20190720|2110|0500CZS120|1|97.90|
20190720|2115|0500CZS120|1|100.37|
20190720|2120|0500CZS120|1|99.44|
20190720|2125|0500CZS120|1|97.40|
20190720|2130|0500CZS120|1|100.52|
20190720|2135|0500CZS120|1|99.67|
20190720|2140|0500CZS120|1|100.40|
20190720|2145|0500CZS120|1|101.17|
20190720|2150|0500CZS120|1|99.53|
20190720|2155|0500CZS120|1|97.63|
20190720|2200|0500CZS120|1|98.05|
20190720|2205|0500CZS120|1|100.67|
20190720|2210|0500CZS120|1|99.18|
20190720|2215|0500CZS120|1|101.27|
20190720|2220|0500CZS120|1|100.04|
20190720|2225|0500CZS120|1|101.39|
20190720|2230|0500CZS120|1|99.92|
20190720|2235|0500CZS120|1|101.09|
20190720|2240|0500CZS120|1|101.19|
20190720|2245|0500CZS120|1|100.74|
20190720|2250|0500CZS120|1|102.20|
20190720|2255|0500CZS120|1|103.00|
20190720|2300|0500CZS120|1|103.97|
20190720|2305|0500CZS120|1|103.82|
20190720|2310|0500CZS120|1|103.28|
20190720|2315|0500CZS120|1|104.78|
20190720|2320|0500CZS120|1|105.42|
20190720|2325|0500CZS120|1|106.15|
20190720|2330|0500CZS120|1|106.44|
20190720|2335|0500CZS120|1|106.85|
20190720|2340|0500CZS120|1|106.13|
20190720|2345|0500CZS120|1|107.75|
20190720|2350|0500CZS120|1|106.43|
20190720|2355|0500CZS120|1|103.61|