20190705|0000|0500CZE110|1|102.43|
20190705|0005|0500CZE110|1|100.69|
20190705|0010|0500CZE110|1|101.30|
20190705|0015|0500CZE110|1|103.10|
20190705|0020|0500CZE110|1|100.66|
20190705|0025|0500CZE110|1|102.19|
20190705|0030|0500CZE110|1|98.92|
20190705|0035|0500CZE110|1|103.48|
20190705|0040|0500CZE110|1|100.92|
20190705|0045|0500CZE110|1|98.66|
20190705|0050|0500CZE110|1|100.35|
20190705|0055|0500CZE110|1|101.11|
20190705|0100|0500CZE110|1|100.09|
20190705|0105|0500CZE110|1|101.34|
20190705|0110|0500CZE110|1|100.93|
20190705|0115|0500CZE110|1|96.48|
20190705|0120|0500CZE110|1|98.25|
20190705|0125|0500CZE110|1|99.04|
20190705|0130|0500CZE110|1|97.22|
20190705|0135|0500CZE110|1|95.44|
20190705|0140|0500CZE110|1|92.40|
20190705|0145|0500CZE110|1|96.22|
20190705|0150|0500CZE110|1|98.55|
20190705|0155|0500CZE110|1|91.26|
20190705|0200|0500CZE110|1|98.78|
20190705|0205|0500CZE110|1|98.99|
20190705|0210|0500CZE110|1|95.35|
20190705|0215|0500CZE110|1|96.48|
20190705|0220|0500CZE110|1|99.19|
20190705|0225|0500CZE110|1|93.26|
20190705|0230|0500CZE110|1|94.14|
20190705|0235|0500CZE110|1|97.54|
20190705|0240|0500CZE110|1|96.00|
20190705|0245|0500CZE110|1|89.31|
20190705|0250|0500CZE110|1|92.60|
20190705|0255|0500CZE110|1|88.50|
20190705|0300|0500CZE110|1|96.61|
20190705|0305|0500CZE110|1|95.11|
20190705|0310|0500CZE110|1|92.36|
20190705|0315|0500CZE110|1|94.19|
20190705|0320|0500CZE110|1|95.68|
20190705|0325|0500CZE110|1|91.76|
20190705|0330|0500CZE110|1|93.14|
20190705|0335|0500CZE110|1|94.46|
20190705|0340|0500CZE110|1|92.81|
20190705|0345|0500CZE110|1|97.48|
20190705|0350|0500CZE110|1|93.91|
20190705|0355|0500CZE110|1|94.64|
20190705|0400|0500CZE110|1|92.59|
20190705|0405|0500CZE110|1|94.11|
20190705|0410|0500CZE110|1|97.36|
20190705|0415|0500CZE110|1|95.49|
20190705|0420|0500CZE110|1|95.01|
20190705|0425|0500CZE110|1|99.02|
20190705|0430|0500CZE110|1|97.06|
20190705|0435|0500CZE110|1|99.14|
20190705|0440|0500CZE110|1|98.48|
20190705|0445|0500CZE110|1|101.17|
20190705|0450|0500CZE110|1|103.07|
20190705|0455|0500CZE110|1|103.03|
20190705|0500|0500CZE110|1|98.66|
20190705|0505|0500CZE110|1|97.59|
20190705|0510|0500CZE110|1|98.83|
20190705|0515|0500CZE110|1|99.53|
20190705|0520|0500CZE110|1|99.93|
20190705|0525|0500CZE110|1|98.67|
20190705|0530|0500CZE110|1|98.78|
20190705|0535|0500CZE110|1|99.26|
20190705|0540|0500CZE110|1|98.34|
20190705|0545|0500CZE110|1|93.69|
20190705|0550|0500CZE110|1|93.08|
20190705|0555|0500CZE110|1|94.38|
20190705|0600|0500CZE110|1|95.50|
20190705|0605|0500CZE110|1|95.62|
20190705|0610|0500CZE110|1|93.17|
20190705|0615|0500CZE110|1|91.36|
20190705|0620|0500CZE110|1|92.07|
20190705|0625|0500CZE110|1|91.00|
20190705|0630|0500CZE110|1|88.71|
20190705|0635|0500CZE110|1|90.81|
20190705|0640|0500CZE110|1|90.10|
20190705|0645|0500CZE110|1|88.24|
20190705|0650|0500CZE110|1|90.50|
20190705|0655|0500CZE110|1|88.39|
20190705|0700|0500CZE110|1|88.56|
20190705|0705|0500CZE110|1|90.03|
20190705|0710|0500CZE110|1|86.77|
20190705|0715|0500CZE110|1|85.77|
20190705|0720|0500CZE110|1|88.59|
20190705|0725|0500CZE110|1|85.85|
20190705|0730|0500CZE110|1|87.24|
20190705|0735|0500CZE110|1|85.70|
20190705|0740|0500CZE110|1|82.54|
20190705|0745|0500CZE110|1|86.13|
20190705|0750|0500CZE110|1|83.65|
20190705|0755|0500CZE110|1|81.48|
20190705|0800|0500CZE110|1|85.21|
20190705|0805|0500CZE110|1|85.75|
20190705|0810|0500CZE110|1|88.22|
20190705|0815|0500CZE110|1|87.17|
20190705|0820|0500CZE110|1|85.11|
20190705|0825|0500CZE110|1|86.78|
20190705|0830|0500CZE110|1|86.74|
20190705|0835|0500CZE110|1|86.21|
20190705|0840|0500CZE110|1|89.72|
20190705|0845|0500CZE110|1|89.42|
20190705|0850|0500CZE110|1|88.54|
20190705|0855|0500CZE110|1|84.57|
20190705|0900|0500CZE110|1|86.05|
20190705|0905|0500CZE110|1|88.48|
20190705|0910|0500CZE110|1|87.62|
20190705|0915|0500CZE110|1|88.13|
20190705|0920|0500CZE110|1|84.22|
20190705|0925|0500CZE110|1|85.06|
20190705|0930|0500CZE110|1|88.46|
20190705|0935|0500CZE110|1|88.23|
20190705|0940|0500CZE110|1|87.29|
20190705|0945|0500CZE110|1|87.76|
20190705|0950|0500CZE110|1|88.40|
20190705|0955|0500CZE110|1|87.44|
20190705|1000|0500CZE110|1|86.77|
20190705|1005|0500CZE110|1|85.22|
20190705|1010|0500CZE110|1|85.08|
20190705|1015|0500CZE110|1|85.50|
20190705|1020|0500CZE110|1|82.94|
20190705|1025|0500CZE110|1|80.74|
20190705|1030|0500CZE110|1|82.42|
20190705|1035|0500CZE110|1|78.50|
20190705|1040|0500CZE110|1|63.25|
20190705|1045|0500CZE110|1|60.62|
20190705|1050|0500CZE110|1|69.29|
20190705|1055|0500CZE110|1|82.20|
20190705|1100|0500CZE110|1|83.27|
20190705|1105|0500CZE110|1|76.78|
20190705|1110|0500CZE110|1|78.70|
20190705|1115|0500CZE110|1|80.08|
20190705|1120|0500CZE110|1|82.33|
20190705|1125|0500CZE110|1|79.01|
20190705|1130|0500CZE110|1|76.12|
20190705|1135|0500CZE110|1|72.03|
20190705|1140|0500CZE110|1|65.90|
20190705|1145|0500CZE110|1|73.32|
20190705|1150|0500CZE110|1|77.56|
20190705|1155|0500CZE110|1|80.76|
20190705|1200|0500CZE110|1|76.63|
20190705|1205|0500CZE110|1|84.07|
20190705|1210|0500CZE110|1|81.36|
20190705|1215|0500CZE110|1|81.92|
20190705|1220|0500CZE110|1|83.32|
20190705|1225|0500CZE110|1|85.86|
20190705|1230|0500CZE110|1|83.01|
20190705|1235|0500CZE110|1|91.28|
20190705|1240|0500CZE110|1|91.97|
20190705|1245|0500CZE110|1|92.19|
20190705|1250|0500CZE110|1|92.60|
20190705|1255|0500CZE110|1|94.20|
20190705|1300|0500CZE110|1|92.00|
20190705|1305|0500CZE110|1|92.27|
20190705|1310|0500CZE110|1|92.72|
20190705|1315|0500CZE110|1|90.61|
20190705|1320|0500CZE110|1|91.59|
20190705|1325|0500CZE110|1|89.52|
20190705|1330|0500CZE110|1|90.40|
20190705|1335|0500CZE110|1|92.33|
20190705|1340|0500CZE110|1|88.25|
20190705|1345|0500CZE110|1|89.30|
20190705|1350|0500CZE110|1|91.86|
20190705|1355|0500CZE110|1|91.48|
20190705|1400|0500CZE110|1|89.98|
20190705|1405|0500CZE110|1|89.38|
20190705|1410|0500CZE110|1|90.50|
20190705|1415|0500CZE110|1|90.94|
20190705|1420|0500CZE110|1|88.03|
20190705|1425|0500CZE110|1|92.30|
20190705|1430|0500CZE110|1|90.16|
20190705|1435|0500CZE110|1|89.62|
20190705|1440|0500CZE110|1|90.16|
20190705|1445|0500CZE110|1|92.68|
20190705|1450|0500CZE110|1|92.21|
20190705|1455|0500CZE110|1|91.34|
20190705|1500|0500CZE110|1|93.26|
20190705|1505|0500CZE110|1|92.50|
20190705|1510|0500CZE110|1|93.32|
20190705|1515|0500CZE110|1|91.99|
20190705|1520|0500CZE110|1|91.35|
20190705|1525|0500CZE110|1|92.36|
20190705|1530|0500CZE110|1|90.90|
20190705|1535|0500CZE110|1|90.21|
20190705|1540|0500CZE110|1|88.43|
20190705|1545|0500CZE110|1|90.73|
20190705|1550|0500CZE110|1|90.31|
20190705|1555|0500CZE110|1|90.87|
20190705|1600|0500CZE110|1|92.06|
20190705|1605|0500CZE110|1|89.74|
20190705|1610|0500CZE110|1|92.53|
20190705|1615|0500CZE110|1|93.18|
20190705|1620|0500CZE110|1|93.03|
20190705|1625|0500CZE110|1|89.96|
20190705|1630|0500CZE110|1|92.25|
20190705|1635|0500CZE110|1|93.36|
20190705|1640|0500CZE110|1|91.07|
20190705|1645|0500CZE110|1|90.87|
20190705|1650|0500CZE110|1|90.09|
20190705|1655|0500CZE110|1|89.64|
20190705|1700|0500CZE110|1|95.46|
20190705|1705|0500CZE110|1|95.93|
20190705|1710|0500CZE110|1|95.22|
20190705|1715|0500CZE110|1|93.40|
20190705|1720|0500CZE110|1|91.41|
20190705|1725|0500CZE110|1|93.93|
20190705|1730|0500CZE110|1|92.55|
20190705|1735|0500CZE110|1|90.13|
20190705|1740|0500CZE110|1|89.38|
20190705|1745|0500CZE110|1|89.16|
20190705|1750|0500CZE110|1|89.11|
20190705|1755|0500CZE110|1|88.02|
20190705|1800|0500CZE110|1|88.46|
20190705|1805|0500CZE110|1|92.13|
20190705|1810|0500CZE110|1|88.87|
20190705|1815|0500CZE110|1|87.63|
20190705|1820|0500CZE110|1|88.79|
20190705|1825|0500CZE110|1|90.11|
20190705|1830|0500CZE110|1|90.69|
20190705|1835|0500CZE110|1|85.71|
20190705|1840|0500CZE110|1|87.89|
20190705|1845|0500CZE110|1|89.09|
20190705|1850|0500CZE110|1|88.23|
20190705|1855|0500CZE110|1|85.87|
20190705|1900|0500CZE110|1|89.83|
20190705|1905|0500CZE110|1|97.36|
20190705|1910|0500CZE110|1|92.17|
20190705|1915|0500CZE110|1|94.11|
20190705|1920|0500CZE110|1|91.81|
20190705|1925|0500CZE110|1|88.99|
20190705|1930|0500CZE110|1|87.89|
20190705|1935|0500CZE110|1|90.07|
20190705|1940|0500CZE110|1|90.88|
20190705|1945|0500CZE110|1|94.74|
20190705|1950|0500CZE110|1|95.40|
20190705|1955|0500CZE110|1|91.46|
20190705|2000|0500CZE110|1|94.80|
20190705|2005|0500CZE110|1|92.34|
20190705|2010|0500CZE110|1|92.73|
20190705|2015|0500CZE110|1|94.28|
20190705|2020|0500CZE110|1|93.54|
20190705|2025|0500CZE110|1|90.22|
20190705|2030|0500CZE110|1|95.46|
20190705|2035|0500CZE110|1|91.99|
20190705|2040|0500CZE110|1|92.81|
20190705|2045|0500CZE110|1|91.40|
20190705|2050|0500CZE110|1|92.46|
20190705|2055|0500CZE110|1|92.42|
20190705|2100|0500CZE110|1|93.30|
20190705|2105|0500CZE110|1|90.80|
20190705|2110|0500CZE110|1|92.51|
20190705|2115|0500CZE110|1|92.74|
20190705|2120|0500CZE110|1|96.04|
20190705|2125|0500CZE110|1|90.91|
20190705|2130|0500CZE110|1|91.54|
20190705|2135|0500CZE110|1|92.72|
20190705|2140|0500CZE110|1|92.29|
20190705|2145|0500CZE110|1|91.38|
20190705|2150|0500CZE110|1|94.78|
20190705|2155|0500CZE110|1|96.69|
20190705|2200|0500CZE110|1|94.74|
20190705|2205|0500CZE110|1|94.15|
20190705|2210|0500CZE110|1|96.53|
20190705|2215|0500CZE110|1|95.24|
20190705|2220|0500CZE110|1|91.25|
20190705|2225|0500CZE110|1|93.66|
20190705|2230|0500CZE110|1|96.67|
20190705|2235|0500CZE110|1|94.69|
20190705|2240|0500CZE110|1|97.54|
20190705|2245|0500CZE110|1|95.89|
20190705|2250|0500CZE110|1|99.28|
20190705|2255|0500CZE110|1|95.53|
20190705|2300|0500CZE110|1|95.75|
20190705|2305|0500CZE110|1|97.01|
20190705|2310|0500CZE110|1|98.81|
20190705|2315|0500CZE110|1|97.24|
20190705|2320|0500CZE110|1|98.28|
20190705|2325|0500CZE110|1|101.94|
20190705|2330|0500CZE110|1|101.36|
20190705|2335|0500CZE110|1|96.78|
20190705|2340|0500CZE110|1|98.68|
20190705|2345|0500CZE110|1|101.41|
20190705|2350|0500CZE110|1|99.18|
20190705|2355|0500CZE110|1|103.04|