20190723|0000|0500CZE110|1|101.31|
20190723|0005|0500CZE110|1|100.82|
20190723|0010|0500CZE110|1|98.40|
20190723|0015|0500CZE110|1|100.61|
20190723|0020|0500CZE110|1|101.11|
20190723|0025|0500CZE110|1|100.70|
20190723|0030|0500CZE110|1|99.52|
20190723|0035|0500CZE110|1|102.20|
20190723|0040|0500CZE110|1|103.75|
20190723|0045|0500CZE110|1|100.57|
20190723|0050|0500CZE110|1|98.52|
20190723|0055|0500CZE110|1|101.54|
20190723|0100|0500CZE110|1|102.58|
20190723|0105|0500CZE110|1|97.00|
20190723|0110|0500CZE110|1|98.91|
20190723|0115|0500CZE110|1|100.62|
20190723|0120|0500CZE110|1|96.45|
20190723|0125|0500CZE110|1|97.70|
20190723|0130|0500CZE110|1|96.27|
20190723|0135|0500CZE110|1|100.68|
20190723|0140|0500CZE110|1|92.83|
20190723|0145|0500CZE110|1|97.13|
20190723|0150|0500CZE110|1|92.65|
20190723|0155|0500CZE110|1|92.47|
20190723|0200|0500CZE110|1|95.07|
20190723|0205|0500CZE110|1|94.12|
20190723|0210|0500CZE110|1|93.41|
20190723|0215|0500CZE110|1|96.45|
20190723|0220|0500CZE110|1|95.49|
20190723|0225|0500CZE110|1|99.46|
20190723|0230|0500CZE110|1|97.41|
20190723|0235|0500CZE110|1|91.21|
20190723|0240|0500CZE110|1|97.23|
20190723|0245|0500CZE110|1|94.86|
20190723|0250|0500CZE110|1|92.29|
20190723|0255|0500CZE110|1|92.76|
20190723|0300|0500CZE110|1|96.27|
20190723|0305|0500CZE110|1|97.00|
20190723|0310|0500CZE110|1|93.22|
20190723|0315|0500CZE110|1|92.26|
20190723|0320|0500CZE110|1|96.20|
20190723|0325|0500CZE110|1|95.77|
20190723|0330|0500CZE110|1|93.81|
20190723|0335|0500CZE110|1|89.62|
20190723|0340|0500CZE110|1|95.39|
20190723|0345|0500CZE110|1|90.42|
20190723|0350|0500CZE110|1|96.60|
20190723|0355|0500CZE110|1|94.45|
20190723|0400|0500CZE110|1|94.62|
20190723|0405|0500CZE110|1|96.12|
20190723|0410|0500CZE110|1|97.02|
20190723|0415|0500CZE110|1|95.50|
20190723|0420|0500CZE110|1|97.25|
20190723|0425|0500CZE110|1|96.12|
20190723|0430|0500CZE110|1|95.28|
20190723|0435|0500CZE110|1|97.92|
20190723|0440|0500CZE110|1|99.58|
20190723|0445|0500CZE110|1|98.34|
20190723|0450|0500CZE110|1|97.16|
20190723|0455|0500CZE110|1|97.34|
20190723|0500|0500CZE110|1|97.24|
20190723|0505|0500CZE110|1|95.83|
20190723|0510|0500CZE110|1|96.66|
20190723|0515|0500CZE110|1|95.37|
20190723|0520|0500CZE110|1|94.78|
20190723|0525|0500CZE110|1|96.67|
20190723|0530|0500CZE110|1|95.81|
20190723|0535|0500CZE110|1|96.16|
20190723|0540|0500CZE110|1|94.26|
20190723|0545|0500CZE110|1|94.87|
20190723|0550|0500CZE110|1|92.73|
20190723|0555|0500CZE110|1|94.29|
20190723|0600|0500CZE110|1|91.41|
20190723|0605|0500CZE110|1|90.81|
20190723|0610|0500CZE110|1|89.85|
20190723|0615|0500CZE110|1|88.95|
20190723|0620|0500CZE110|1|86.55|
20190723|0625|0500CZE110|1|84.94|
20190723|0630|0500CZE110|1|84.93|
20190723|0635|0500CZE110|1|88.66|
20190723|0640|0500CZE110|1|87.23|
20190723|0645|0500CZE110|1|85.10|
20190723|0650|0500CZE110|1|85.42|
20190723|0655|0500CZE110|1|84.22|
20190723|0700|0500CZE110|1|89.73|
20190723|0705|0500CZE110|1|88.24|
20190723|0710|0500CZE110|1|83.48|
20190723|0715|0500CZE110|1|84.19|
20190723|0720|0500CZE110|1|80.31|
20190723|0725|0500CZE110|1|83.68|
20190723|0730|0500CZE110|1|82.28|
20190723|0735|0500CZE110|1|78.51|
20190723|0740|0500CZE110|1|81.48|
20190723|0745|0500CZE110|1|79.67|
20190723|0750|0500CZE110|1|79.86|
20190723|0755|0500CZE110|1|77.80|
20190723|0800|0500CZE110|1|81.07|
20190723|0805|0500CZE110|1|83.67|
20190723|0810|0500CZE110|1|80.85|
20190723|0815|0500CZE110|1|83.19|
20190723|0820|0500CZE110|1|82.95|
20190723|0825|0500CZE110|1|81.82|
20190723|0830|0500CZE110|1|86.52|
20190723|0835|0500CZE110|1|85.54|
20190723|0840|0500CZE110|1|86.37|
20190723|0845|0500CZE110|1|86.23|
20190723|0850|0500CZE110|1|88.41|
20190723|0855|0500CZE110|1|87.68|
20190723|0900|0500CZE110|1|85.69|
20190723|0905|0500CZE110|1|86.07|
20190723|0910|0500CZE110|1|86.94|
20190723|0915|0500CZE110|1|86.02|
20190723|0920|0500CZE110|1|85.38|
20190723|0925|0500CZE110|1|85.60|
20190723|0930|0500CZE110|1|85.44|
20190723|0935|0500CZE110|1|83.74|
20190723|0940|0500CZE110|1|81.61|
20190723|0945|0500CZE110|1|78.36|
20190723|0950|0500CZE110|1|76.20|
20190723|0955|0500CZE110|1|69.84|
20190723|1000|0500CZE110|1|78.33|
20190723|1005|0500CZE110|1|76.50|
20190723|1010|0500CZE110|1|74.30|
20190723|1015|0500CZE110|1|79.78|
20190723|1020|0500CZE110|1|81.68|
20190723|1025|0500CZE110|1|79.26|
20190723|1030|0500CZE110|1|81.96|
20190723|1035|0500CZE110|1|86.87|
20190723|1040|0500CZE110|1|85.44|
20190723|1045|0500CZE110|1|84.08|
20190723|1050|0500CZE110|1|86.20|
20190723|1055|0500CZE110|1|85.39|
20190723|1100|0500CZE110|1|86.85|
20190723|1105|0500CZE110|1|84.61|
20190723|1110|0500CZE110|1|84.48|
20190723|1115|0500CZE110|1|78.49|
20190723|1120|0500CZE110|1|81.23|
20190723|1125|0500CZE110|1|76.46|
20190723|1130|0500CZE110|1|83.81|
20190723|1135|0500CZE110|1|84.55|
20190723|1140|0500CZE110|1|87.84|
20190723|1145|0500CZE110|1|87.07|
20190723|1150|0500CZE110|1|86.82|
20190723|1155|0500CZE110|1|87.48|
20190723|1200|0500CZE110|1|86.87|
20190723|1205|0500CZE110|1|87.34|
20190723|1210|0500CZE110|1|89.25|
20190723|1215|0500CZE110|1|89.88|
20190723|1220|0500CZE110|1|90.98|
20190723|1225|0500CZE110|1|92.42|
20190723|1230|0500CZE110|1|90.31|
20190723|1235|0500CZE110|1|89.93|
20190723|1240|0500CZE110|1|89.80|
20190723|1245|0500CZE110|1|91.87|
20190723|1250|0500CZE110|1|91.19|
20190723|1255|0500CZE110|1|89.56|
20190723|1300|0500CZE110|1|90.99|
20190723|1305|0500CZE110|1|91.07|
20190723|1310|0500CZE110|1|89.86|
20190723|1315|0500CZE110|1|90.34|
20190723|1320|0500CZE110|1|90.82|
20190723|1325|0500CZE110|1|93.14|
20190723|1330|0500CZE110|1|89.29|
20190723|1335|0500CZE110|1|87.95|
20190723|1340|0500CZE110|1|87.62|
20190723|1345|0500CZE110|1|90.60|
20190723|1350|0500CZE110|1|92.92|
20190723|1355|0500CZE110|1|92.98|
20190723|1400|0500CZE110|1|91.81|
20190723|1405|0500CZE110|1|89.42|
20190723|1410|0500CZE110|1|89.55|
20190723|1415|0500CZE110|1|90.64|
20190723|1420|0500CZE110|1|90.03|
20190723|1425|0500CZE110|1|92.54|
20190723|1430|0500CZE110|1|91.44|
20190723|1435|0500CZE110|1|89.84|
20190723|1440|0500CZE110|1|91.71|
20190723|1445|0500CZE110|1|95.16|
20190723|1450|0500CZE110|1|93.73|
20190723|1455|0500CZE110|1|96.15|
20190723|1500|0500CZE110|1|93.27|
20190723|1505|0500CZE110|1|89.51|
20190723|1510|0500CZE110|1|91.04|
20190723|1515|0500CZE110|1|89.96|
20190723|1520|0500CZE110|1|89.88|
20190723|1525|0500CZE110|1|91.36|
20190723|1530|0500CZE110|1|89.09|
20190723|1535|0500CZE110|1|92.57|
20190723|1540|0500CZE110|1|92.43|
20190723|1545|0500CZE110|1|93.29|
20190723|1550|0500CZE110|1|92.78|
20190723|1555|0500CZE110|1|93.09|
20190723|1600|0500CZE110|1|92.52|
20190723|1605|0500CZE110|1|92.79|
20190723|1610|0500CZE110|1|92.45|
20190723|1615|0500CZE110|1|91.57|
20190723|1620|0500CZE110|1|90.71|
20190723|1625|0500CZE110|1|92.51|
20190723|1630|0500CZE110|1|91.12|
20190723|1635|0500CZE110|1|91.43|
20190723|1640|0500CZE110|1|93.48|
20190723|1645|0500CZE110|1|91.10|
20190723|1650|0500CZE110|1|91.03|
20190723|1655|0500CZE110|1|93.06|
20190723|1700|0500CZE110|1|95.30|
20190723|1705|0500CZE110|1|94.78|
20190723|1710|0500CZE110|1|92.20|
20190723|1715|0500CZE110|1|93.64|
20190723|1720|0500CZE110|1|96.13|
20190723|1725|0500CZE110|1|94.75|
20190723|1730|0500CZE110|1|98.91|
20190723|1735|0500CZE110|1|95.72|
20190723|1740|0500CZE110|1|95.72|
20190723|1745|0500CZE110|1|94.73|
20190723|1750|0500CZE110|1|95.52|
20190723|1755|0500CZE110|1|97.07|
20190723|1800|0500CZE110|1|94.34|
20190723|1805|0500CZE110|1|96.73|
20190723|1810|0500CZE110|1|96.59|
20190723|1815|0500CZE110|1|97.26|
20190723|1820|0500CZE110|1|99.58|
20190723|1825|0500CZE110|1|95.16|
20190723|1830|0500CZE110|1|98.14|
20190723|1835|0500CZE110|1|99.35|
20190723|1840|0500CZE110|1|97.37|
20190723|1845|0500CZE110|1|99.51|
20190723|1850|0500CZE110|1|92.36|
20190723|1855|0500CZE110|1|93.14|
20190723|1900|0500CZE110|1|93.35|
20190723|1905|0500CZE110|1|97.16|
20190723|1910|0500CZE110|1|96.94|
20190723|1915|0500CZE110|1|98.79|
20190723|1920|0500CZE110|1|94.79|
20190723|1925|0500CZE110|1|99.86|
20190723|1930|0500CZE110|1|95.85|
20190723|1935|0500CZE110|1|99.68|
20190723|1940|0500CZE110|1|99.68|
20190723|1945|0500CZE110|1|97.10|
20190723|1950|0500CZE110|1|97.29|
20190723|1955|0500CZE110|1|98.88|
20190723|2000|0500CZE110|1|96.17|
20190723|2005|0500CZE110|1|98.99|
20190723|2010|0500CZE110|1|99.64|
20190723|2015|0500CZE110|1|97.81|
20190723|2020|0500CZE110|1|93.77|
20190723|2025|0500CZE110|1|94.10|
20190723|2030|0500CZE110|1|93.47|
20190723|2035|0500CZE110|1|96.99|
20190723|2040|0500CZE110|1|96.41|
20190723|2045|0500CZE110|1|95.41|
20190723|2050|0500CZE110|1|94.97|
20190723|2055|0500CZE110|1|96.08|
20190723|2100|0500CZE110|1|95.72|
20190723|2105|0500CZE110|1|94.68|
20190723|2110|0500CZE110|1|95.65|
20190723|2115|0500CZE110|1|94.65|
20190723|2120|0500CZE110|1|94.30|
20190723|2125|0500CZE110|1|94.95|
20190723|2130|0500CZE110|1|98.77|
20190723|2135|0500CZE110|1|96.98|
20190723|2140|0500CZE110|1|94.87|
20190723|2145|0500CZE110|1|97.83|
20190723|2150|0500CZE110|1|96.77|
20190723|2155|0500CZE110|1|98.16|
20190723|2200|0500CZE110|1|97.01|
20190723|2205|0500CZE110|1|95.61|
20190723|2210|0500CZE110|1|98.28|
20190723|2215|0500CZE110|1|96.32|
20190723|2220|0500CZE110|1|97.52|
20190723|2225|0500CZE110|1|99.72|
20190723|2230|0500CZE110|1|97.06|
20190723|2235|0500CZE110|1|98.72|
20190723|2240|0500CZE110|1|96.36|
20190723|2245|0500CZE110|1|99.23|
20190723|2250|0500CZE110|1|99.88|
20190723|2255|0500CZE110|1|103.36|
20190723|2300|0500CZE110|1|100.63|
20190723|2305|0500CZE110|1|101.57|
20190723|2310|0500CZE110|1|99.92|
20190723|2315|0500CZE110|1|100.07|
20190723|2320|0500CZE110|1|99.81|
20190723|2325|0500CZE110|1|99.19|
20190723|2330|0500CZE110|1|99.18|
20190723|2335|0500CZE110|1|96.09|
20190723|2340|0500CZE110|1|96.72|
20190723|2345|0500CZE110|1|99.79|
20190723|2350|0500CZE110|1|97.69|
20190723|2355|0500CZE110|1|96.54|