20190712|0000|0010CZE450|1|225|
20190712|0005|0010CZE450|1|226|
20190712|0010|0010CZE450|1|182|
20190712|0015|0010CZE450|1|186|
20190712|0020|0010CZE450|1|175|
20190712|0025|0010CZE450|1|139|
20190712|0030|0010CZE450|1|156|
20190712|0035|0010CZE450|1|138|
20190712|0040|0010CZE450|1|127|
20190712|0045|0010CZE450|1|149|
20190712|0050|0010CZE450|1|157|
20190712|0055|0010CZE450|1|139|
20190712|0100|0010CZE450|1|145|
20190712|0105|0010CZE450|1|134|
20190712|0110|0010CZE450|1|142|
20190712|0115|0010CZE450|1|122|
20190712|0120|0010CZE450|1|130|
20190712|0125|0010CZE450|1|111|
20190712|0130|0010CZE450|1|124|
20190712|0135|0010CZE450|1|109|
20190712|0140|0010CZE450|1|118|
20190712|0145|0010CZE450|1|92|
20190712|0150|0010CZE450|1|115|
20190712|0155|0010CZE450|1|100|
20190712|0200|0010CZE450|1|98|
20190712|0205|0010CZE450|1|115|
20190712|0210|0010CZE450|1|95|
20190712|0215|0010CZE450|1|108|
20190712|0220|0010CZE450|1|96|
20190712|0225|0010CZE450|1|67|
20190712|0230|0010CZE450|1|90|
20190712|0235|0010CZE450|1|77|
20190712|0240|0010CZE450|1|88|
20190712|0245|0010CZE450|1|102|
20190712|0250|0010CZE450|1|87|
20190712|0255|0010CZE450|1|83|
20190712|0300|0010CZE450|1|94|
20190712|0305|0010CZE450|1|88|
20190712|0310|0010CZE450|1|69|
20190712|0315|0010CZE450|1|99|
20190712|0320|0010CZE450|1|90|
20190712|0325|0010CZE450|1|92|
20190712|0330|0010CZE450|1|83|
20190712|0335|0010CZE450|1|78|
20190712|0340|0010CZE450|1|85|
20190712|0345|0010CZE450|1|87|
20190712|0350|0010CZE450|1|89|
20190712|0355|0010CZE450|1|83|
20190712|0400|0010CZE450|1|94|
20190712|0405|0010CZE450|1|104|
20190712|0410|0010CZE450|1|99|
20190712|0415|0010CZE450|1|115|
20190712|0420|0010CZE450|1|138|
20190712|0425|0010CZE450|1|114|
20190712|0430|0010CZE450|1|126|
20190712|0435|0010CZE450|1|135|
20190712|0440|0010CZE450|1|133|
20190712|0445|0010CZE450|1|142|
20190712|0450|0010CZE450|1|165|
20190712|0455|0010CZE450|1|166|
20190712|0500|0010CZE450|1|143|
20190712|0505|0010CZE450|1|178|
20190712|0510|0010CZE450|1|185|
20190712|0515|0010CZE450|1|246|
20190712|0520|0010CZE450|1|281|
20190712|0525|0010CZE450|1|289|
20190712|0530|0010CZE450|1|330|
20190712|0535|0010CZE450|1|340|
20190712|0540|0010CZE450|1|359|
20190712|0545|0010CZE450|1|366|
20190712|0550|0010CZE450|1|435|
20190712|0555|0010CZE450|1|444|
20190712|0600|0010CZE450|1|356|
20190712|0605|0010CZE450|1|373|
20190712|0610|0010CZE450|1|359|
20190712|0615|0010CZE450|1|443|
20190712|0620|0010CZE450|1|500|
20190712|0625|0010CZE450|1|485|
20190712|0630|0010CZE450|1|485|
20190712|0635|0010CZE450|1|500|
20190712|0640|0010CZE450|1|504|
20190712|0645|0010CZE450|1|521|
20190712|0650|0010CZE450|1|496|
20190712|0655|0010CZE450|1|519|
20190712|0700|0010CZE450|1|407|
20190712|0705|0010CZE450|1|445|
20190712|0710|0010CZE450|1|428|
20190712|0715|0010CZE450|1|481|
20190712|0720|0010CZE450|1|480|
20190712|0725|0010CZE450|1|467|
20190712|0730|0010CZE450|1|481|
20190712|0735|0010CZE450|1|458|
20190712|0740|0010CZE450|1|439|
20190712|0745|0010CZE450|1|390|
20190712|0750|0010CZE450|1|374|
20190712|0755|0010CZE450|1|406|
20190712|0800|0010CZE450|1|477|
20190712|0805|0010CZE450|1|505|
20190712|0810|0010CZE450|1|504|
20190712|0815|0010CZE450|1|483|
20190712|0820|0010CZE450|1|481|
20190712|0825|0010CZE450|1|496|
20190712|0830|0010CZE450|1|479|
20190712|0835|0010CZE450|1|479|
20190712|0840|0010CZE450|1|463|
20190712|0845|0010CZE450|1|466|
20190712|0850|0010CZE450|1|454|
20190712|0855|0010CZE450|1|450|
20190712|0900|0010CZE450|1|463|
20190712|0905|0010CZE450|1|474|
20190712|0910|0010CZE450|1|480|
20190712|0915|0010CZE450|1|511|
20190712|0920|0010CZE450|1|480|
20190712|0925|0010CZE450|1|482|
20190712|0930|0010CZE450|1|478|
20190712|0935|0010CZE450|1|469|
20190712|0940|0010CZE450|1|479|
20190712|0945|0010CZE450|1|468|
20190712|0950|0010CZE450|1|461|
20190712|0955|0010CZE450|1|466|
20190712|1000|0010CZE450|1|487|
20190712|1005|0010CZE450|1|468|
20190712|1010|0010CZE450|1|474|
20190712|1015|0010CZE450|1|458|
20190712|1020|0010CZE450|1|455|
20190712|1025|0010CZE450|1|459|
20190712|1030|0010CZE450|1|468|
20190712|1035|0010CZE450|1|478|
20190712|1040|0010CZE450|1|449|
20190712|1045|0010CZE450|1|386|
20190712|1050|0010CZE450|1|404|
20190712|1055|0010CZE450|1|456|
20190712|1100|0010CZE450|1|434|
20190712|1105|0010CZE450|1|441|
20190712|1110|0010CZE450|1|430|
20190712|1115|0010CZE450|1|471|
20190712|1120|0010CZE450|1|442|
20190712|1125|0010CZE450|1|483|
20190712|1130|0010CZE450|1|475|
20190712|1135|0010CZE450|1|447|
20190712|1140|0010CZE450|1|445|
20190712|1145|0010CZE450|1|464|
20190712|1150|0010CZE450|1|490|
20190712|1155|0010CZE450|1|459|
20190712|1200|0010CZE450|1|460|
20190712|1205|0010CZE450|1|464|
20190712|1210|0010CZE450|1|497|
20190712|1215|0010CZE450|1|496|
20190712|1220|0010CZE450|1|465|
20190712|1225|0010CZE450|1|474|
20190712|1230|0010CZE450|1|493|
20190712|1235|0010CZE450|1|484|
20190712|1240|0010CZE450|1|478|
20190712|1245|0010CZE450|1|479|
20190712|1250|0010CZE450|1|501|
20190712|1255|0010CZE450|1|476|
20190712|1300|0010CZE450|1|463|
20190712|1305|0010CZE450|1|465|
20190712|1310|0010CZE450|1|472|
20190712|1315|0010CZE450|1|485|
20190712|1320|0010CZE450|1|443|
20190712|1325|0010CZE450|1|451|
20190712|1330|0010CZE450|1|412|
20190712|1335|0010CZE450|1|444|
20190712|1340|0010CZE450|1|452|
20190712|1345|0010CZE450|1|430|
20190712|1350|0010CZE450|1|439|
20190712|1355|0010CZE450|1|466|
20190712|1400|0010CZE450|1|457|
20190712|1405|0010CZE450|1|446|
20190712|1410|0010CZE450|1|454|
20190712|1415|0010CZE450|1|471|
20190712|1420|0010CZE450|1|466|
20190712|1425|0010CZE450|1|481|
20190712|1430|0010CZE450|1|472|
20190712|1435|0010CZE450|1|477|
20190712|1440|0010CZE450|1|490|
20190712|1445|0010CZE450|1|477|
20190712|1450|0010CZE450|1|506|
20190712|1455|0010CZE450|1|504|
20190712|1500|0010CZE450|1|492|
20190712|1505|0010CZE450|1|420|
20190712|1510|0010CZE450|1|361|
20190712|1515|0010CZE450|1|284|
20190712|1520|0010CZE450|1|298|
20190712|1525|0010CZE450|1|400|
20190712|1530|0010CZE450|1|442|
20190712|1535|0010CZE450|1|428|
20190712|1540|0010CZE450|1|419|
20190712|1545|0010CZE450|1|411|
20190712|1550|0010CZE450|1|441|
20190712|1555|0010CZE450|1|426|
20190712|1600|0010CZE450|1|375|
20190712|1605|0010CZE450|1|398|
20190712|1610|0010CZE450|1|455|
20190712|1615|0010CZE450|1|473|
20190712|1620|0010CZE450|1|485|
20190712|1625|0010CZE450|1|460|
20190712|1630|0010CZE450|1|432|
20190712|1635|0010CZE450|1|469|
20190712|1640|0010CZE450|1|449|
20190712|1645|0010CZE450|1|463|
20190712|1650|0010CZE450|1|485|
20190712|1655|0010CZE450|1|464|
20190712|1700|0010CZE450|1|455|
20190712|1705|0010CZE450|1|469|
20190712|1710|0010CZE450|1|467|
20190712|1715|0010CZE450|1|455|
20190712|1720|0010CZE450|1|449|
20190712|1725|0010CZE450|1|460|
20190712|1730|0010CZE450|1|411|
20190712|1735|0010CZE450|1|403|
20190712|1740|0010CZE450|1|391|
20190712|1745|0010CZE450|1|440|
20190712|1750|0010CZE450|1|444|
20190712|1755|0010CZE450|1|458|
20190712|1800|0010CZE450|1|452|
20190712|1805|0010CZE450|1|454|
20190712|1810|0010CZE450|1|452|
20190712|1815|0010CZE450|1|421|
20190712|1820|0010CZE450|1|422|
20190712|1825|0010CZE450|1|392|
20190712|1830|0010CZE450|1|412|
20190712|1835|0010CZE450|1|412|
20190712|1840|0010CZE450|1|395|
20190712|1845|0010CZE450|1|391|
20190712|1850|0010CZE450|1|388|
20190712|1855|0010CZE450|1|393|
20190712|1900|0010CZE450|1|395|
20190712|1905|0010CZE450|1|398|
20190712|1910|0010CZE450|1|372|
20190712|1915|0010CZE450|1|399|
20190712|1920|0010CZE450|1|395|
20190712|1925|0010CZE450|1|396|
20190712|1930|0010CZE450|1|383|
20190712|1935|0010CZE450|1|384|
20190712|1940|0010CZE450|1|395|
20190712|1945|0010CZE450|1|403|
20190712|1950|0010CZE450|1|403|
20190712|1955|0010CZE450|1|377|
20190712|2000|0010CZE450|1|398|
20190712|2005|0010CZE450|1|410|
20190712|2010|0010CZE450|1|416|
20190712|2015|0010CZE450|1|434|
20190712|2020|0010CZE450|1|420|
20190712|2025|0010CZE450|1|402|
20190712|2030|0010CZE450|1|439|
20190712|2035|0010CZE450|1|429|
20190712|2040|0010CZE450|1|404|
20190712|2045|0010CZE450|1|434|
20190712|2050|0010CZE450|1|438|
20190712|2055|0010CZE450|1|440|
20190712|2100|0010CZE450|1|494|
20190712|2105|0010CZE450|1|467|
20190712|2110|0010CZE450|1|510|
20190712|2115|0010CZE450|1|561|
20190712|2120|0010CZE450|1|544|
20190712|2125|0010CZE450|1|559|
20190712|2130|0010CZE450|1|553|
20190712|2135|0010CZE450|1|497|
20190712|2140|0010CZE450|1|528|
20190712|2145|0010CZE450|1|490|
20190712|2150|0010CZE450|1|470|
20190712|2155|0010CZE450|1|441|
20190712|2200|0010CZE450|1|534|
20190712|2205|0010CZE450|1|529|
20190712|2210|0010CZE450|1|524|
20190712|2215|0010CZE450|1|491|
20190712|2220|0010CZE450|1|428|
20190712|2225|0010CZE450|1|512|
20190712|2230|0010CZE450|1|430|
20190712|2235|0010CZE450|1|472|
20190712|2240|0010CZE450|1|398|
20190712|2245|0010CZE450|1|433|
20190712|2250|0010CZE450|1|403|
20190712|2255|0010CZE450|1|416|
20190712|2300|0010CZE450|1|441|
20190712|2305|0010CZE450|1|378|
20190712|2310|0010CZE450|1|394|
20190712|2315|0010CZE450|1|318|
20190712|2320|0010CZE450|1|329|
20190712|2325|0010CZE450|1|301|
20190712|2330|0010CZE450|1|363|
20190712|2335|0010CZE450|1|320|
20190712|2340|0010CZE450|1|283|
20190712|2345|0010CZE450|1|264|
20190712|2350|0010CZE450|1|287|
20190712|2355|0010CZE450|1|249|