20190705|0000|0010CZE450|1|97.80|
20190705|0005|0010CZE450|1|100.64|
20190705|0010|0010CZE450|1|100.31|
20190705|0015|0010CZE450|1|104.84|
20190705|0020|0010CZE450|1|100.46|
20190705|0025|0010CZE450|1|103.63|
20190705|0030|0010CZE450|1|105.44|
20190705|0035|0010CZE450|1|101.88|
20190705|0040|0010CZE450|1|103.28|
20190705|0045|0010CZE450|1|107.95|
20190705|0050|0010CZE450|1|106.19|
20190705|0055|0010CZE450|1|104.11|
20190705|0100|0010CZE450|1|104.83|
20190705|0105|0010CZE450|1|101.62|
20190705|0110|0010CZE450|1|103.98|
20190705|0115|0010CZE450|1|107.03|
20190705|0120|0010CZE450|1|104.58|
20190705|0125|0010CZE450|1|102.81|
20190705|0130|0010CZE450|1|99.86|
20190705|0135|0010CZE450|1|103.75|
20190705|0140|0010CZE450|1|106.29|
20190705|0145|0010CZE450|1|105.46|
20190705|0150|0010CZE450|1|102.99|
20190705|0155|0010CZE450|1|100.55|
20190705|0200|0010CZE450|1|99.76|
20190705|0205|0010CZE450|1|93.67|
20190705|0210|0010CZE450|1|95.96|
20190705|0215|0010CZE450|1|93.82|
20190705|0220|0010CZE450|1|91.54|
20190705|0225|0010CZE450|1|95.38|
20190705|0230|0010CZE450|1|91.68|
20190705|0235|0010CZE450|1|90.67|
20190705|0240|0010CZE450|1|95.61|
20190705|0245|0010CZE450|1|97.06|
20190705|0250|0010CZE450|1|92.45|
20190705|0255|0010CZE450|1|92.56|
20190705|0300|0010CZE450|1|96.46|
20190705|0305|0010CZE450|1|94.41|
20190705|0310|0010CZE450|1|100.60|
20190705|0315|0010CZE450|1|97.27|
20190705|0320|0010CZE450|1|98.24|
20190705|0325|0010CZE450|1|95.15|
20190705|0330|0010CZE450|1|95.61|
20190705|0335|0010CZE450|1|96.59|
20190705|0340|0010CZE450|1|99.13|
20190705|0345|0010CZE450|1|91.61|
20190705|0350|0010CZE450|1|93.51|
20190705|0355|0010CZE450|1|98.05|
20190705|0400|0010CZE450|1|92.55|
20190705|0405|0010CZE450|1|96.16|
20190705|0410|0010CZE450|1|93.15|
20190705|0415|0010CZE450|1|94.02|
20190705|0420|0010CZE450|1|96.40|
20190705|0425|0010CZE450|1|89.48|
20190705|0430|0010CZE450|1|92.30|
20190705|0435|0010CZE450|1|92.24|
20190705|0440|0010CZE450|1|91.93|
20190705|0445|0010CZE450|1|93.68|
20190705|0450|0010CZE450|1|93.72|
20190705|0455|0010CZE450|1|91.90|
20190705|0500|0010CZE450|1|97.44|
20190705|0505|0010CZE450|1|98.92|
20190705|0510|0010CZE450|1|98.80|
20190705|0515|0010CZE450|1|97.63|
20190705|0520|0010CZE450|1|100.16|
20190705|0525|0010CZE450|1|97.28|
20190705|0530|0010CZE450|1|100.26|
20190705|0535|0010CZE450|1|96.43|
20190705|0540|0010CZE450|1|100.93|
20190705|0545|0010CZE450|1|97.21|
20190705|0550|0010CZE450|1|98.74|
20190705|0555|0010CZE450|1|96.92|
20190705|0600|0010CZE450|1|97.44|
20190705|0605|0010CZE450|1|98.95|
20190705|0610|0010CZE450|1|99.46|
20190705|0615|0010CZE450|1|94.09|
20190705|0620|0010CZE450|1|92.02|
20190705|0625|0010CZE450|1|91.64|
20190705|0630|0010CZE450|1|88.99|
20190705|0635|0010CZE450|1|89.61|
20190705|0640|0010CZE450|1|93.93|
20190705|0645|0010CZE450|1|93.80|
20190705|0650|0010CZE450|1|87.54|
20190705|0655|0010CZE450|1|87.10|
20190705|0700|0010CZE450|1|82.13|
20190705|0705|0010CZE450|1|80.89|
20190705|0710|0010CZE450|1|70.87|
20190705|0715|0010CZE450|1|56.87|
20190705|0720|0010CZE450|1|60.19|
20190705|0725|0010CZE450|1|62.64|
20190705|0730|0010CZE450|1|52.42|
20190705|0735|0010CZE450|1|44.37|
20190705|0740|0010CZE450|1|43.05|
20190705|0745|0010CZE450|1|51.09|
20190705|0750|0010CZE450|1|53.14|
20190705|0755|0010CZE450|1|48.27|
20190705|0800|0010CZE450|1|52.18|
20190705|0805|0010CZE450|1|55.24|
20190705|0810|0010CZE450|1|63.82|
20190705|0815|0010CZE450|1|60.95|
20190705|0820|0010CZE450|1|55.78|
20190705|0825|0010CZE450|1|57.41|
20190705|0830|0010CZE450|1|55.35|
20190705|0835|0010CZE450|1|53.16|
20190705|0840|0010CZE450|1|53.42|
20190705|0845|0010CZE450|1|51.26|
20190705|0850|0010CZE450|1|54.07|
20190705|0855|0010CZE450|1|58.22|
20190705|0900|0010CZE450|1|58.16|
20190705|0905|0010CZE450|1|54.22|
20190705|0910|0010CZE450|1|40.37|
20190705|0915|0010CZE450|1|25.66|
20190705|0920|0010CZE450|1|20.73|
20190705|0925|0010CZE450|1|30.48|
20190705|0930|0010CZE450|1|46.38|
20190705|0935|0010CZE450|1|46.60|
20190705|0940|0010CZE450|1|51.55|
20190705|0945|0010CZE450|1|57.00|
20190705|0950|0010CZE450|1|50.97|
20190705|0955|0010CZE450|1|47.63|
20190705|1000|0010CZE450|1|38.11|
20190705|1005|0010CZE450|1|32.15|
20190705|1010|0010CZE450|1|39.74|
20190705|1015|0010CZE450|1|47.68|
20190705|1020|0010CZE450|1|50.55|
20190705|1025|0010CZE450|1|50.05|
20190705|1030|0010CZE450|1|49.92|
20190705|1035|0010CZE450|1|47.29|
20190705|1040|0010CZE450|1|46.08|
20190705|1045|0010CZE450|1|48.52|
20190705|1050|0010CZE450|1|54.55|
20190705|1055|0010CZE450|1|64.93|
20190705|1100|0010CZE450|1|61.32|
20190705|1105|0010CZE450|1|61.11|
20190705|1110|0010CZE450|1|62.41|
20190705|1115|0010CZE450|1|74.57|
20190705|1120|0010CZE450|1|75.96|
20190705|1125|0010CZE450|1|80.21|
20190705|1130|0010CZE450|1|80.43|
20190705|1135|0010CZE450|1|82.83|
20190705|1140|0010CZE450|1|83.63|
20190705|1145|0010CZE450|1|77.90|
20190705|1150|0010CZE450|1|74.14|
20190705|1155|0010CZE450|1|67.49|
20190705|1200|0010CZE450|1|69.52|
20190705|1205|0010CZE450|1|70.82|
20190705|1210|0010CZE450|1|74.25|
20190705|1215|0010CZE450|1|67.27|
20190705|1220|0010CZE450|1|68.82|
20190705|1225|0010CZE450|1|62.69|
20190705|1230|0010CZE450|1|61.11|
20190705|1235|0010CZE450|1|58.49|
20190705|1240|0010CZE450|1|66.38|
20190705|1245|0010CZE450|1|82.67|
20190705|1250|0010CZE450|1|84.50|
20190705|1255|0010CZE450|1|76.67|
20190705|1300|0010CZE450|1|69.02|
20190705|1305|0010CZE450|1|66.17|
20190705|1310|0010CZE450|1|73.01|
20190705|1315|0010CZE450|1|76.74|
20190705|1320|0010CZE450|1|74.85|
20190705|1325|0010CZE450|1|72.62|
20190705|1330|0010CZE450|1|62.26|
20190705|1335|0010CZE450|1|69.29|
20190705|1340|0010CZE450|1|73.31|
20190705|1345|0010CZE450|1|69.42|
20190705|1350|0010CZE450|1|72.08|
20190705|1355|0010CZE450|1|67.42|
20190705|1400|0010CZE450|1|61.93|
20190705|1405|0010CZE450|1|56.26|
20190705|1410|0010CZE450|1|51.36|
20190705|1415|0010CZE450|1|43.89|
20190705|1420|0010CZE450|1|48.48|
20190705|1425|0010CZE450|1|49.63|
20190705|1430|0010CZE450|1|49.31|
20190705|1435|0010CZE450|1|51.43|
20190705|1440|0010CZE450|1|50.51|
20190705|1445|0010CZE450|1|47.93|
20190705|1450|0010CZE450|1|46.08|
20190705|1455|0010CZE450|1|44.71|
20190705|1500|0010CZE450|1|45.06|
20190705|1505|0010CZE450|1|55.64|
20190705|1510|0010CZE450|1|65.45|
20190705|1515|0010CZE450|1|86.31|
20190705|1520|0010CZE450|1|86.25|
20190705|1525|0010CZE450|1|86.21|
20190705|1530|0010CZE450|1|83.36|
20190705|1535|0010CZE450|1|85.78|
20190705|1540|0010CZE450|1|90.08|
20190705|1545|0010CZE450|1|89.23|
20190705|1550|0010CZE450|1|86.00|
20190705|1555|0010CZE450|1|89.35|
20190705|1600|0010CZE450|1|86.97|
20190705|1605|0010CZE450|1|86.75|
20190705|1610|0010CZE450|1|85.96|
20190705|1615|0010CZE450|1|83.20|
20190705|1620|0010CZE450|1|71.32|
20190705|1625|0010CZE450|1|59.05|
20190705|1630|0010CZE450|1|60.98|
20190705|1635|0010CZE450|1|54.73|
20190705|1640|0010CZE450|1|60.01|
20190705|1645|0010CZE450|1|55.21|
20190705|1650|0010CZE450|1|52.61|
20190705|1655|0010CZE450|1|47.66|
20190705|1700|0010CZE450|1|58.54|
20190705|1705|0010CZE450|1|47.72|
20190705|1710|0010CZE450|1|41.20|
20190705|1715|0010CZE450|1|34.06|
20190705|1720|0010CZE450|1|37.11|
20190705|1725|0010CZE450|1|54.19|
20190705|1730|0010CZE450|1|61.31|
20190705|1735|0010CZE450|1|63.01|
20190705|1740|0010CZE450|1|65.11|
20190705|1745|0010CZE450|1|65.12|
20190705|1750|0010CZE450|1|62.15|
20190705|1755|0010CZE450|1|58.04|
20190705|1800|0010CZE450|1|39.56|
20190705|1805|0010CZE450|1|48.37|
20190705|1810|0010CZE450|1|55.11|
20190705|1815|0010CZE450|1|58.68|
20190705|1820|0010CZE450|1|73.96|
20190705|1825|0010CZE450|1|73.86|
20190705|1830|0010CZE450|1|85.20|
20190705|1835|0010CZE450|1|78.38|
20190705|1840|0010CZE450|1|75.19|
20190705|1845|0010CZE450|1|82.95|
20190705|1850|0010CZE450|1|84.58|
20190705|1855|0010CZE450|1|85.82|
20190705|1900|0010CZE450|1|66.03|
20190705|1905|0010CZE450|1|79.33|
20190705|1910|0010CZE450|1|80.95|
20190705|1915|0010CZE450|1|84.72|
20190705|1920|0010CZE450|1|85.05|
20190705|1925|0010CZE450|1|83.39|
20190705|1930|0010CZE450|1|80.80|
20190705|1935|0010CZE450|1|81.24|
20190705|1940|0010CZE450|1|80.06|
20190705|1945|0010CZE450|1|80.27|
20190705|1950|0010CZE450|1|73.98|
20190705|1955|0010CZE450|1|73.59|
20190705|2000|0010CZE450|1|76.80|
20190705|2005|0010CZE450|1|71.69|
20190705|2010|0010CZE450|1|70.60|
20190705|2015|0010CZE450|1|65.20|
20190705|2020|0010CZE450|1|57.51|
20190705|2025|0010CZE450|1|65.49|
20190705|2030|0010CZE450|1|69.91|
20190705|2035|0010CZE450|1|66.68|
20190705|2040|0010CZE450|1|69.12|
20190705|2045|0010CZE450|1|68.99|
20190705|2050|0010CZE450|1|64.74|
20190705|2055|0010CZE450|1|67.72|
20190705|2100|0010CZE450|1|68.02|
20190705|2105|0010CZE450|1|59.29|
20190705|2110|0010CZE450|1|63.18|
20190705|2115|0010CZE450|1|65.22|
20190705|2120|0010CZE450|1|66.67|
20190705|2125|0010CZE450|1|62.82|
20190705|2130|0010CZE450|1|68.55|
20190705|2135|0010CZE450|1|77.20|
20190705|2140|0010CZE450|1|73.07|
20190705|2145|0010CZE450|1|78.70|
20190705|2150|0010CZE450|1|85.91|
20190705|2155|0010CZE450|1|89.74|
20190705|2200|0010CZE450|1|76.38|
20190705|2205|0010CZE450|1|76.41|
20190705|2210|0010CZE450|1|76.82|
20190705|2215|0010CZE450|1|89.69|
20190705|2220|0010CZE450|1|90.05|
20190705|2225|0010CZE450|1|88.53|
20190705|2230|0010CZE450|1|91.85|
20190705|2235|0010CZE450|1|91.40|
20190705|2240|0010CZE450|1|96.30|
20190705|2245|0010CZE450|1|96.25|
20190705|2250|0010CZE450|1|94.78|
20190705|2255|0010CZE450|1|97.70|
20190705|2300|0010CZE450|1|94.81|
20190705|2305|0010CZE450|1|92.72|
20190705|2310|0010CZE450|1|94.03|
20190705|2315|0010CZE450|1|98.45|
20190705|2320|0010CZE450|1|100.36|
20190705|2325|0010CZE450|1|98.27|
20190705|2330|0010CZE450|1|101.59|
20190705|2335|0010CZE450|1|101.80|
20190705|2340|0010CZE450|1|102.27|
20190705|2345|0010CZE450|1|100.47|
20190705|2350|0010CZE450|1|103.02|
20190705|2355|0010CZE450|1|104.97|