20190702|0000|0010CZE450|1|99.81|
20190702|0005|0010CZE450|1|100.13|
20190702|0010|0010CZE450|1|98.98|
20190702|0015|0010CZE450|1|106.07|
20190702|0020|0010CZE450|1|102.01|
20190702|0025|0010CZE450|1|107.67|
20190702|0030|0010CZE450|1|104.62|
20190702|0035|0010CZE450|1|105.11|
20190702|0040|0010CZE450|1|101.65|
20190702|0045|0010CZE450|1|107.85|
20190702|0050|0010CZE450|1|103.72|
20190702|0055|0010CZE450|1|103.12|
20190702|0100|0010CZE450|1|100.52|
20190702|0105|0010CZE450|1|101.68|
20190702|0110|0010CZE450|1|101.99|
20190702|0115|0010CZE450|1|105.47|
20190702|0120|0010CZE450|1|105.18|
20190702|0125|0010CZE450|1|103.39|
20190702|0130|0010CZE450|1|98.92|
20190702|0135|0010CZE450|1|102.17|
20190702|0140|0010CZE450|1|106.05|
20190702|0145|0010CZE450|1|101.57|
20190702|0150|0010CZE450|1|109.24|
20190702|0155|0010CZE450|1|95.85|
20190702|0200|0010CZE450|1|100.18|
20190702|0205|0010CZE450|1|102.82|
20190702|0210|0010CZE450|1|97.69|
20190702|0215|0010CZE450|1|96.48|
20190702|0220|0010CZE450|1|102.06|
20190702|0225|0010CZE450|1|100.92|
20190702|0230|0010CZE450|1|95.12|
20190702|0235|0010CZE450|1|101.32|
20190702|0240|0010CZE450|1|96.17|
20190702|0245|0010CZE450|1|101.15|
20190702|0250|0010CZE450|1|99.25|
20190702|0255|0010CZE450|1|93.37|
20190702|0300|0010CZE450|1|101.00|
20190702|0305|0010CZE450|1|96.85|
20190702|0310|0010CZE450|1|96.45|
20190702|0315|0010CZE450|1|96.71|
20190702|0320|0010CZE450|1|94.32|
20190702|0325|0010CZE450|1|94.96|
20190702|0330|0010CZE450|1|98.76|
20190702|0335|0010CZE450|1|94.34|
20190702|0340|0010CZE450|1|96.67|
20190702|0345|0010CZE450|1|94.18|
20190702|0350|0010CZE450|1|98.20|
20190702|0355|0010CZE450|1|93.64|
20190702|0400|0010CZE450|1|93.61|
20190702|0405|0010CZE450|1|95.60|
20190702|0410|0010CZE450|1|95.01|
20190702|0415|0010CZE450|1|92.23|
20190702|0420|0010CZE450|1|91.52|
20190702|0425|0010CZE450|1|97.71|
20190702|0430|0010CZE450|1|96.81|
20190702|0435|0010CZE450|1|90.83|
20190702|0440|0010CZE450|1|94.52|
20190702|0445|0010CZE450|1|96.28|
20190702|0450|0010CZE450|1|94.74|
20190702|0455|0010CZE450|1|95.17|
20190702|0500|0010CZE450|1|98.77|
20190702|0505|0010CZE450|1|98.43|
20190702|0510|0010CZE450|1|99.91|
20190702|0515|0010CZE450|1|99.53|
20190702|0520|0010CZE450|1|101.01|
20190702|0525|0010CZE450|1|96.71|
20190702|0530|0010CZE450|1|96.63|
20190702|0535|0010CZE450|1|103.37|
20190702|0540|0010CZE450|1|96.67|
20190702|0545|0010CZE450|1|94.30|
20190702|0550|0010CZE450|1|97.54|
20190702|0555|0010CZE450|1|97.29|
20190702|0600|0010CZE450|1|100.44|
20190702|0605|0010CZE450|1|96.92|
20190702|0610|0010CZE450|1|95.63|
20190702|0615|0010CZE450|1|91.45|
20190702|0620|0010CZE450|1|89.65|
20190702|0625|0010CZE450|1|86.53|
20190702|0630|0010CZE450|1|88.76|
20190702|0635|0010CZE450|1|89.25|
20190702|0640|0010CZE450|1|91.29|
20190702|0645|0010CZE450|1|87.53|
20190702|0650|0010CZE450|1|87.78|
20190702|0655|0010CZE450|1|89.70|
20190702|0700|0010CZE450|1|80.24|
20190702|0705|0010CZE450|1|76.16|
20190702|0710|0010CZE450|1|63.05|
20190702|0715|0010CZE450|1|53.70|
20190702|0720|0010CZE450|1|48.64|
20190702|0725|0010CZE450|1|57.67|
20190702|0730|0010CZE450|1|57.42|
20190702|0735|0010CZE450|1|58.91|
20190702|0740|0010CZE450|1|56.38|
20190702|0745|0010CZE450|1|60.28|
20190702|0750|0010CZE450|1|57.59|
20190702|0755|0010CZE450|1|55.83|
20190702|0800|0010CZE450|1|54.10|
20190702|0805|0010CZE450|1|54.22|
20190702|0810|0010CZE450|1|55.08|
20190702|0815|0010CZE450|1|48.36|
20190702|0820|0010CZE450|1|51.07|
20190702|0825|0010CZE450|1|49.81|
20190702|0830|0010CZE450|1|54.48|
20190702|0835|0010CZE450|1|54.55|
20190702|0840|0010CZE450|1|56.21|
20190702|0845|0010CZE450|1|54.59|
20190702|0850|0010CZE450|1|52.00|
20190702|0855|0010CZE450|1|55.45|
20190702|0900|0010CZE450|1|50.53|
20190702|0905|0010CZE450|1|51.00|
20190702|0910|0010CZE450|1|51.14|
20190702|0915|0010CZE450|1|59.01|
20190702|0920|0010CZE450|1|88.45|
20190702|0925|0010CZE450|1|93.66|
20190702|0930|0010CZE450|1|70.85|
20190702|0935|0010CZE450|1|57.70|
20190702|0940|0010CZE450|1|54.25|
20190702|0945|0010CZE450|1|51.27|
20190702|0950|0010CZE450|1|51.11|
20190702|0955|0010CZE450|1|52.44|
20190702|1000|0010CZE450|1|52.90|
20190702|1005|0010CZE450|1|53.50|
20190702|1010|0010CZE450|1|59.15|
20190702|1015|0010CZE450|1|53.12|
20190702|1020|0010CZE450|1|53.92|
20190702|1025|0010CZE450|1|51.62|
20190702|1030|0010CZE450|1|45.72|
20190702|1035|0010CZE450|1|49.32|
20190702|1040|0010CZE450|1|55.02|
20190702|1045|0010CZE450|1|54.42|
20190702|1050|0010CZE450|1|50.23|
20190702|1055|0010CZE450|1|54.33|
20190702|1100|0010CZE450|1|53.76|
20190702|1105|0010CZE450|1|54.17|
20190702|1110|0010CZE450|1|53.73|
20190702|1115|0010CZE450|1|57.02|
20190702|1120|0010CZE450|1|53.14|
20190702|1125|0010CZE450|1|46.41|
20190702|1130|0010CZE450|1|49.93|
20190702|1135|0010CZE450|1|50.36|
20190702|1140|0010CZE450|1|49.19|
20190702|1145|0010CZE450|1|54.37|
20190702|1150|0010CZE450|1|59.43|
20190702|1155|0010CZE450|1|56.55|
20190702|1200|0010CZE450|1|58.40|
20190702|1205|0010CZE450|1|55.79|
20190702|1210|0010CZE450|1|48.76|
20190702|1215|0010CZE450|1|51.77|
20190702|1220|0010CZE450|1|57.10|
20190702|1225|0010CZE450|1|60.91|
20190702|1230|0010CZE450|1|66.86|
20190702|1235|0010CZE450|1|62.83|
20190702|1240|0010CZE450|1|60.98|
20190702|1245|0010CZE450|1|62.82|
20190702|1250|0010CZE450|1|57.24|
20190702|1255|0010CZE450|1|51.66|
20190702|1300|0010CZE450|1|48.53|
20190702|1305|0010CZE450|1|59.46|
20190702|1310|0010CZE450|1|66.64|
20190702|1315|0010CZE450|1|59.83|
20190702|1320|0010CZE450|1|63.01|
20190702|1325|0010CZE450|1|64.28|
20190702|1330|0010CZE450|1|66.49|
20190702|1335|0010CZE450|1|62.39|
20190702|1340|0010CZE450|1|65.90|
20190702|1345|0010CZE450|1|63.17|
20190702|1350|0010CZE450|1|64.49|
20190702|1355|0010CZE450|1|56.44|
20190702|1400|0010CZE450|1|52.14|
20190702|1405|0010CZE450|1|57.93|
20190702|1410|0010CZE450|1|52.54|
20190702|1415|0010CZE450|1|59.24|
20190702|1420|0010CZE450|1|56.58|
20190702|1425|0010CZE450|1|56.18|
20190702|1430|0010CZE450|1|59.57|
20190702|1435|0010CZE450|1|60.32|
20190702|1440|0010CZE450|1|55.48|
20190702|1445|0010CZE450|1|53.03|
20190702|1450|0010CZE450|1|58.43|
20190702|1455|0010CZE450|1|59.66|
20190702|1500|0010CZE450|1|55.64|
20190702|1505|0010CZE450|1|57.74|
20190702|1510|0010CZE450|1|58.25|
20190702|1515|0010CZE450|1|63.64|
20190702|1520|0010CZE450|1|83.44|
20190702|1525|0010CZE450|1|89.92|
20190702|1530|0010CZE450|1|90.73|
20190702|1535|0010CZE450|1|84.75|
20190702|1540|0010CZE450|1|81.31|
20190702|1545|0010CZE450|1|68.21|
20190702|1550|0010CZE450|1|57.89|
20190702|1555|0010CZE450|1|55.46|
20190702|1600|0010CZE450|1|59.20|
20190702|1605|0010CZE450|1|68.66|
20190702|1610|0010CZE450|1|64.65|
20190702|1615|0010CZE450|1|55.55|
20190702|1620|0010CZE450|1|57.61|
20190702|1625|0010CZE450|1|54.74|
20190702|1630|0010CZE450|1|57.19|
20190702|1635|0010CZE450|1|57.46|
20190702|1640|0010CZE450|1|62.37|
20190702|1645|0010CZE450|1|62.24|
20190702|1650|0010CZE450|1|60.42|
20190702|1655|0010CZE450|1|62.57|
20190702|1700|0010CZE450|1|61.10|
20190702|1705|0010CZE450|1|60.84|
20190702|1710|0010CZE450|1|56.69|
20190702|1715|0010CZE450|1|60.80|
20190702|1720|0010CZE450|1|53.88|
20190702|1725|0010CZE450|1|58.22|
20190702|1730|0010CZE450|1|55.86|
20190702|1735|0010CZE450|1|56.16|
20190702|1740|0010CZE450|1|47.94|
20190702|1745|0010CZE450|1|45.37|
20190702|1750|0010CZE450|1|44.18|
20190702|1755|0010CZE450|1|45.80|
20190702|1800|0010CZE450|1|55.91|
20190702|1805|0010CZE450|1|66.73|
20190702|1810|0010CZE450|1|67.38|
20190702|1815|0010CZE450|1|81.62|
20190702|1820|0010CZE450|1|81.45|
20190702|1825|0010CZE450|1|91.69|
20190702|1830|0010CZE450|1|91.14|
20190702|1835|0010CZE450|1|92.14|
20190702|1840|0010CZE450|1|90.79|
20190702|1845|0010CZE450|1|93.11|
20190702|1850|0010CZE450|1|93.93|
20190702|1855|0010CZE450|1|95.40|
20190702|1900|0010CZE450|1|87.44|
20190702|1905|0010CZE450|1|86.76|
20190702|1910|0010CZE450|1|93.22|
20190702|1915|0010CZE450|1|91.08|
20190702|1920|0010CZE450|1|92.57|
20190702|1925|0010CZE450|1|92.85|
20190702|1930|0010CZE450|1|99.93|
20190702|1935|0010CZE450|1|95.49|
20190702|1940|0010CZE450|1|92.18|
20190702|1945|0010CZE450|1|94.00|
20190702|1950|0010CZE450|1|92.17|
20190702|1955|0010CZE450|1|95.51|
20190702|2000|0010CZE450|1|88.37|
20190702|2005|0010CZE450|1|85.81|
20190702|2010|0010CZE450|1|71.50|
20190702|2015|0010CZE450|1|60.86|
20190702|2020|0010CZE450|1|58.02|
20190702|2025|0010CZE450|1|71.77|
20190702|2030|0010CZE450|1|80.71|
20190702|2035|0010CZE450|1|80.99|
20190702|2040|0010CZE450|1|84.71|
20190702|2045|0010CZE450|1|82.96|
20190702|2050|0010CZE450|1|85.35|
20190702|2055|0010CZE450|1|83.63|
20190702|2100|0010CZE450|1|74.91|
20190702|2105|0010CZE450|1|75.45|
20190702|2110|0010CZE450|1|85.04|
20190702|2115|0010CZE450|1|90.94|
20190702|2120|0010CZE450|1|93.13|
20190702|2125|0010CZE450|1|92.73|
20190702|2130|0010CZE450|1|89.82|
20190702|2135|0010CZE450|1|94.50|
20190702|2140|0010CZE450|1|92.78|
20190702|2145|0010CZE450|1|92.26|
20190702|2150|0010CZE450|1|93.97|
20190702|2155|0010CZE450|1|97.96|
20190702|2200|0010CZE450|1|92.85|
20190702|2205|0010CZE450|1|93.32|
20190702|2210|0010CZE450|1|93.91|
20190702|2215|0010CZE450|1|94.59|
20190702|2220|0010CZE450|1|96.41|
20190702|2225|0010CZE450|1|96.63|
20190702|2230|0010CZE450|1|95.67|
20190702|2235|0010CZE450|1|99.58|
20190702|2240|0010CZE450|1|98.02|
20190702|2245|0010CZE450|1|94.79|
20190702|2250|0010CZE450|1|97.58|
20190702|2255|0010CZE450|1|97.36|
20190702|2300|0010CZE450|1|96.19|
20190702|2305|0010CZE450|1|97.60|
20190702|2310|0010CZE450|1|97.21|
20190702|2315|0010CZE450|1|100.82|
20190702|2320|0010CZE450|1|100.24|
20190702|2325|0010CZE450|1|103.46|
20190702|2330|0010CZE450|1|101.90|
20190702|2335|0010CZE450|1|101.40|
20190702|2340|0010CZE450|1|105.78|
20190702|2345|0010CZE450|1|102.82|
20190702|2350|0010CZE450|1|102.77|
20190702|2355|0010CZE450|1|100.29|