20190725|0000|0500CZS120|1|122|
20190725|0005|0500CZS120|1|101|
20190725|0010|0500CZS120|1|105|
20190725|0015|0500CZS120|1|100|
20190725|0020|0500CZS120|1|93|
20190725|0025|0500CZS120|1|85|
20190725|0030|0500CZS120|1|79|
20190725|0035|0500CZS120|1|84|
20190725|0040|0500CZS120|1|81|
20190725|0045|0500CZS120|1|75|
20190725|0050|0500CZS120|1|87|
20190725|0055|0500CZS120|1|71|
20190725|0100|0500CZS120|1|71|
20190725|0105|0500CZS120|1|68|
20190725|0110|0500CZS120|1|74|
20190725|0115|0500CZS120|1|76|
20190725|0120|0500CZS120|1|72|
20190725|0125|0500CZS120|1|59|
20190725|0130|0500CZS120|1|63|
20190725|0135|0500CZS120|1|57|
20190725|0140|0500CZS120|1|50|
20190725|0145|0500CZS120|1|48|
20190725|0150|0500CZS120|1|61|
20190725|0155|0500CZS120|1|49|
20190725|0200|0500CZS120|1|55|
20190725|0205|0500CZS120|1|41|
20190725|0210|0500CZS120|1|47|
20190725|0215|0500CZS120|1|38|
20190725|0220|0500CZS120|1|35|
20190725|0225|0500CZS120|1|38|
20190725|0230|0500CZS120|1|44|
20190725|0235|0500CZS120|1|42|
20190725|0240|0500CZS120|1|45|
20190725|0245|0500CZS120|1|43|
20190725|0250|0500CZS120|1|45|
20190725|0255|0500CZS120|1|42|
20190725|0300|0500CZS120|1|45|
20190725|0305|0500CZS120|1|52|
20190725|0310|0500CZS120|1|49|
20190725|0315|0500CZS120|1|64|
20190725|0320|0500CZS120|1|45|
20190725|0325|0500CZS120|1|44|
20190725|0330|0500CZS120|1|38|
20190725|0335|0500CZS120|1|42|
20190725|0340|0500CZS120|1|66|
20190725|0345|0500CZS120|1|52|
20190725|0350|0500CZS120|1|58|
20190725|0355|0500CZS120|1|39|
20190725|0400|0500CZS120|1|53|
20190725|0405|0500CZS120|1|44|
20190725|0410|0500CZS120|1|43|
20190725|0415|0500CZS120|1|52|
20190725|0420|0500CZS120|1|60|
20190725|0425|0500CZS120|1|52|
20190725|0430|0500CZS120|1|60|
20190725|0435|0500CZS120|1|56|
20190725|0440|0500CZS120|1|73|
20190725|0445|0500CZS120|1|97|
20190725|0450|0500CZS120|1|82|
20190725|0455|0500CZS120|1|81|
20190725|0500|0500CZS120|1|77|
20190725|0505|0500CZS120|1|71|
20190725|0510|0500CZS120|1|83|
20190725|0515|0500CZS120|1|84|
20190725|0520|0500CZS120|1|86|
20190725|0525|0500CZS120|1|111|
20190725|0530|0500CZS120|1|111|
20190725|0535|0500CZS120|1|113|
20190725|0540|0500CZS120|1|131|
20190725|0545|0500CZS120|1|134|
20190725|0550|0500CZS120|1|129|
20190725|0555|0500CZS120|1|132|
20190725|0600|0500CZS120|1|124|
20190725|0605|0500CZS120|1|142|
20190725|0610|0500CZS120|1|151|
20190725|0615|0500CZS120|1|140|
20190725|0620|0500CZS120|1|186|
20190725|0625|0500CZS120|1|203|
20190725|0630|0500CZS120|1|180|
20190725|0635|0500CZS120|1|174|
20190725|0640|0500CZS120|1|176|
20190725|0645|0500CZS120|1|190|
20190725|0650|0500CZS120|1|163|
20190725|0655|0500CZS120|1|187|
20190725|0700|0500CZS120|1|194|
20190725|0705|0500CZS120|1|219|
20190725|0710|0500CZS120|1|218|
20190725|0715|0500CZS120|1|230|
20190725|0720|0500CZS120|1|226|
20190725|0725|0500CZS120|1|240|
20190725|0730|0500CZS120|1|211|
20190725|0735|0500CZS120|1|271|
20190725|0740|0500CZS120|1|266|
20190725|0745|0500CZS120|1|258|
20190725|0750|0500CZS120|1|271|
20190725|0755|0500CZS120|1|256|
20190725|0800|0500CZS120|1|265|
20190725|0805|0500CZS120|1|266|
20190725|0810|0500CZS120|1|292|
20190725|0815|0500CZS120|1|280|
20190725|0820|0500CZS120|1|279|
20190725|0825|0500CZS120|1|292|
20190725|0830|0500CZS120|1|300|
20190725|0835|0500CZS120|1|308|
20190725|0840|0500CZS120|1|280|
20190725|0845|0500CZS120|1|312|
20190725|0850|0500CZS120|1|350|
20190725|0855|0500CZS120|1|298|
20190725|0900|0500CZS120|1|309|
20190725|0905|0500CZS120|1|325|
20190725|0910|0500CZS120|1|317|
20190725|0915|0500CZS120|1|321|
20190725|0920|0500CZS120|1|308|
20190725|0925|0500CZS120|1|310|
20190725|0930|0500CZS120|1|283|
20190725|0935|0500CZS120|1|294|
20190725|0940|0500CZS120|1|321|
20190725|0945|0500CZS120|1|321|
20190725|0950|0500CZS120|1|278|
20190725|0955|0500CZS120|1|283|
20190725|1000|0500CZS120|1|300|
20190725|1005|0500CZS120|1|309|
20190725|1010|0500CZS120|1|295|
20190725|1015|0500CZS120|1|304|
20190725|1020|0500CZS120|1|303|
20190725|1025|0500CZS120|1|320|
20190725|1030|0500CZS120|1|257|
20190725|1035|0500CZS120|1|301|
20190725|1040|0500CZS120|1|276|
20190725|1045|0500CZS120|1|302|
20190725|1050|0500CZS120|1|291|
20190725|1055|0500CZS120|1|274|
20190725|1100|0500CZS120|1|278|
20190725|1105|0500CZS120|1|301|
20190725|1110|0500CZS120|1|283|
20190725|1115|0500CZS120|1|310|
20190725|1120|0500CZS120|1|286|
20190725|1125|0500CZS120|1|271|
20190725|1130|0500CZS120|1|319|
20190725|1135|0500CZS120|1|277|
20190725|1140|0500CZS120|1|277|
20190725|1145|0500CZS120|1|275|
20190725|1150|0500CZS120|1|264|
20190725|1155|0500CZS120|1|243|
20190725|1200|0500CZS120|1|278|
20190725|1205|0500CZS120|1|298|
20190725|1210|0500CZS120|1|320|
20190725|1215|0500CZS120|1|302|
20190725|1220|0500CZS120|1|273|
20190725|1225|0500CZS120|1|325|
20190725|1230|0500CZS120|1|292|
20190725|1235|0500CZS120|1|308|
20190725|1240|0500CZS120|1|295|
20190725|1245|0500CZS120|1|319|
20190725|1250|0500CZS120|1|292|
20190725|1255|0500CZS120|1|304|
20190725|1300|0500CZS120|1|306|
20190725|1305|0500CZS120|1|308|
20190725|1310|0500CZS120|1|323|
20190725|1315|0500CZS120|1|358|
20190725|1320|0500CZS120|1|334|
20190725|1325|0500CZS120|1|376|
20190725|1330|0500CZS120|1|349|
20190725|1335|0500CZS120|1|331|
20190725|1340|0500CZS120|1|321|
20190725|1345|0500CZS120|1|328|
20190725|1350|0500CZS120|1|344|
20190725|1355|0500CZS120|1|373|
20190725|1400|0500CZS120|1|339|
20190725|1405|0500CZS120|1|329|
20190725|1410|0500CZS120|1|340|
20190725|1415|0500CZS120|1|359|
20190725|1420|0500CZS120|1|340|
20190725|1425|0500CZS120|1|365|
20190725|1430|0500CZS120|1|354|
20190725|1435|0500CZS120|1|341|
20190725|1440|0500CZS120|1|390|
20190725|1445|0500CZS120|1|370|
20190725|1450|0500CZS120|1|381|
20190725|1455|0500CZS120|1|406|
20190725|1500|0500CZS120|1|377|
20190725|1505|0500CZS120|1|390|
20190725|1510|0500CZS120|1|415|
20190725|1515|0500CZS120|1|421|
20190725|1520|0500CZS120|1|371|
20190725|1525|0500CZS120|1|410|
20190725|1530|0500CZS120|1|390|
20190725|1535|0500CZS120|1|373|
20190725|1540|0500CZS120|1|373|
20190725|1545|0500CZS120|1|412|
20190725|1550|0500CZS120|1|405|
20190725|1555|0500CZS120|1|368|
20190725|1600|0500CZS120|1|343|
20190725|1605|0500CZS120|1|364|
20190725|1610|0500CZS120|1|374|
20190725|1615|0500CZS120|1|382|
20190725|1620|0500CZS120|1|390|
20190725|1625|0500CZS120|1|426|
20190725|1630|0500CZS120|1|393|
20190725|1635|0500CZS120|1|413|
20190725|1640|0500CZS120|1|437|
20190725|1645|0500CZS120|1|403|
20190725|1650|0500CZS120|1|351|
20190725|1655|0500CZS120|1|387|
20190725|1700|0500CZS120|1|371|
20190725|1705|0500CZS120|1|376|
20190725|1710|0500CZS120|1|424|
20190725|1715|0500CZS120|1|392|
20190725|1720|0500CZS120|1|392|
20190725|1725|0500CZS120|1|419|
20190725|1730|0500CZS120|1|458|
20190725|1735|0500CZS120|1|408|
20190725|1740|0500CZS120|1|352|
20190725|1745|0500CZS120|1|387|
20190725|1750|0500CZS120|1|393|
20190725|1755|0500CZS120|1|418|
20190725|1800|0500CZS120|1|403|
20190725|1805|0500CZS120|1|381|
20190725|1810|0500CZS120|1|409|
20190725|1815|0500CZS120|1|434|
20190725|1820|0500CZS120|1|408|
20190725|1825|0500CZS120|1|412|
20190725|1830|0500CZS120|1|382|
20190725|1835|0500CZS120|1|420|
20190725|1840|0500CZS120|1|391|
20190725|1845|0500CZS120|1|338|
20190725|1850|0500CZS120|1|299|
20190725|1855|0500CZS120|1|353|
20190725|1900|0500CZS120|1|293|
20190725|1905|0500CZS120|1|308|
20190725|1910|0500CZS120|1|293|
20190725|1915|0500CZS120|1|331|
20190725|1920|0500CZS120|1|279|
20190725|1925|0500CZS120|1|263|
20190725|1930|0500CZS120|1|275|
20190725|1935|0500CZS120|1|296|
20190725|1940|0500CZS120|1|269|
20190725|1945|0500CZS120|1|271|
20190725|1950|0500CZS120|1|295|
20190725|1955|0500CZS120|1|261|
20190725|2000|0500CZS120|1|255|
20190725|2005|0500CZS120|1|237|
20190725|2010|0500CZS120|1|263|
20190725|2015|0500CZS120|1|243|
20190725|2020|0500CZS120|1|270|
20190725|2025|0500CZS120|1|249|
20190725|2030|0500CZS120|1|269|
20190725|2035|0500CZS120|1|270|
20190725|2040|0500CZS120|1|243|
20190725|2045|0500CZS120|1|269|
20190725|2050|0500CZS120|1|261|
20190725|2055|0500CZS120|1|234|
20190725|2100|0500CZS120|1|264|
20190725|2105|0500CZS120|1|216|
20190725|2110|0500CZS120|1|238|
20190725|2115|0500CZS120|1|246|
20190725|2120|0500CZS120|1|226|
20190725|2125|0500CZS120|1|225|
20190725|2130|0500CZS120|1|244|
20190725|2135|0500CZS120|1|217|
20190725|2140|0500CZS120|1|184|
20190725|2145|0500CZS120|1|234|
20190725|2150|0500CZS120|1|173|
20190725|2155|0500CZS120|1|183|
20190725|2200|0500CZS120|1|188|
20190725|2205|0500CZS120|1|179|
20190725|2210|0500CZS120|1|170|
20190725|2215|0500CZS120|1|174|
20190725|2220|0500CZS120|1|161|
20190725|2225|0500CZS120|1|153|
20190725|2230|0500CZS120|1|151|
20190725|2235|0500CZS120|1|145|
20190725|2240|0500CZS120|1|122|
20190725|2245|0500CZS120|1|125|
20190725|2250|0500CZS120|1|114|
20190725|2255|0500CZS120|1|104|
20190725|2300|0500CZS120|1|144|
20190725|2305|0500CZS120|1|146|
20190725|2310|0500CZS120|1|121|
20190725|2315|0500CZS120|1|129|
20190725|2320|0500CZS120|1|112|
20190725|2325|0500CZS120|1|115|
20190725|2330|0500CZS120|1|109|
20190725|2335|0500CZS120|1|124|
20190725|2340|0500CZS120|1|100|
20190725|2345|0500CZS120|1|116|
20190725|2350|0500CZS120|1|81|
20190725|2355|0500CZS120|1|95|