20190709|0000|0010CZE460|1|102.94|
20190709|0005|0010CZE460|1|104.33|
20190709|0010|0010CZE460|1|0.00|
20190709|0015|0010CZE460|1|102.52|
20190709|0020|0010CZE460|1|101.77|
20190709|0025|0010CZE460|1|104.97|
20190709|0030|0010CZE460|1|103.91|
20190709|0035|0010CZE460|1|102.58|
20190709|0040|0010CZE460|1|105.53|
20190709|0045|0010CZE460|1|101.81|
20190709|0050|0010CZE460|1|102.53|
20190709|0055|0010CZE460|1|104.83|
20190709|0100|0010CZE460|1|103.86|
20190709|0105|0010CZE460|1|105.17|
20190709|0110|0010CZE460|1|102.09|
20190709|0115|0010CZE460|1|103.02|
20190709|0120|0010CZE460|1|103.08|
20190709|0125|0010CZE460|1|107.89|
20190709|0130|0010CZE460|1|102.71|
20190709|0135|0010CZE460|1|103.45|
20190709|0140|0010CZE460|1|100.91|
20190709|0145|0010CZE460|1|99.91|
20190709|0150|0010CZE460|1|100.10|
20190709|0155|0010CZE460|1|101.32|
20190709|0200|0010CZE460|1|101.32|
20190709|0205|0010CZE460|1|97.86|
20190709|0210|0010CZE460|1|98.11|
20190709|0215|0010CZE460|1|99.23|
20190709|0220|0010CZE460|1|98.20|
20190709|0225|0010CZE460|1|96.46|
20190709|0230|0010CZE460|1|99.69|
20190709|0235|0010CZE460|1|101.92|
20190709|0240|0010CZE460|1|97.37|
20190709|0245|0010CZE460|1|99.60|
20190709|0250|0010CZE460|1|94.44|
20190709|0255|0010CZE460|1|93.22|
20190709|0300|0010CZE460|1|99.48|
20190709|0305|0010CZE460|1|99.45|
20190709|0310|0010CZE460|1|99.51|
20190709|0315|0010CZE460|1|94.98|
20190709|0320|0010CZE460|1|96.46|
20190709|0325|0010CZE460|1|95.30|
20190709|0330|0010CZE460|1|92.97|
20190709|0335|0010CZE460|1|95.28|
20190709|0340|0010CZE460|1|100.64|
20190709|0345|0010CZE460|1|98.10|
20190709|0350|0010CZE460|1|93.31|
20190709|0355|0010CZE460|1|94.80|
20190709|0400|0010CZE460|1|100.67|
20190709|0405|0010CZE460|1|93.29|
20190709|0410|0010CZE460|1|94.98|
20190709|0415|0010CZE460|1|94.94|
20190709|0420|0010CZE460|1|94.76|
20190709|0425|0010CZE460|1|95.08|
20190709|0430|0010CZE460|1|96.45|
20190709|0435|0010CZE460|1|95.83|
20190709|0440|0010CZE460|1|91.69|
20190709|0445|0010CZE460|1|95.68|
20190709|0450|0010CZE460|1|94.44|
20190709|0455|0010CZE460|1|95.32|
20190709|0500|0010CZE460|1|95.26|
20190709|0505|0010CZE460|1|94.13|
20190709|0510|0010CZE460|1|95.97|
20190709|0515|0010CZE460|1|95.88|
20190709|0520|0010CZE460|1|98.14|
20190709|0525|0010CZE460|1|97.40|
20190709|0530|0010CZE460|1|97.01|
20190709|0535|0010CZE460|1|98.49|
20190709|0540|0010CZE460|1|97.08|
20190709|0545|0010CZE460|1|94.05|
20190709|0550|0010CZE460|1|95.42|
20190709|0555|0010CZE460|1|92.82|
20190709|0600|0010CZE460|1|94.83|
20190709|0605|0010CZE460|1|91.59|
20190709|0610|0010CZE460|1|93.47|
20190709|0615|0010CZE460|1|92.15|
20190709|0620|0010CZE460|1|90.50|
20190709|0625|0010CZE460|1|90.53|
20190709|0630|0010CZE460|1|93.13|
20190709|0635|0010CZE460|1|94.58|
20190709|0640|0010CZE460|1|93.31|
20190709|0645|0010CZE460|1|91.50|
20190709|0650|0010CZE460|1|91.52|
20190709|0655|0010CZE460|1|94.09|
20190709|0700|0010CZE460|1|87.04|
20190709|0705|0010CZE460|1|87.86|
20190709|0710|0010CZE460|1|86.33|
20190709|0715|0010CZE460|1|86.20|
20190709|0720|0010CZE460|1|88.53|
20190709|0725|0010CZE460|1|83.29|
20190709|0730|0010CZE460|1|85.57|
20190709|0735|0010CZE460|1|84.82|
20190709|0740|0010CZE460|1|83.98|
20190709|0745|0010CZE460|1|84.66|
20190709|0750|0010CZE460|1|82.05|
20190709|0755|0010CZE460|1|80.92|
20190709|0800|0010CZE460|1|81.20|
20190709|0805|0010CZE460|1|79.66|
20190709|0810|0010CZE460|1|78.54|
20190709|0815|0010CZE460|1|79.36|
20190709|0820|0010CZE460|1|81.68|
20190709|0825|0010CZE460|1|85.65|
20190709|0830|0010CZE460|1|85.47|
20190709|0835|0010CZE460|1|84.34|
20190709|0840|0010CZE460|1|83.26|
20190709|0845|0010CZE460|1|86.25|
20190709|0850|0010CZE460|1|85.63|
20190709|0855|0010CZE460|1|86.05|
20190709|0900|0010CZE460|1|82.28|
20190709|0905|0010CZE460|1|79.21|
20190709|0910|0010CZE460|1|82.80|
20190709|0915|0010CZE460|1|83.02|
20190709|0920|0010CZE460|1|82.15|
20190709|0925|0010CZE460|1|83.12|
20190709|0930|0010CZE460|1|82.81|
20190709|0935|0010CZE460|1|80.76|
20190709|0940|0010CZE460|1|79.37|
20190709|0945|0010CZE460|1|83.72|
20190709|0950|0010CZE460|1|83.80|
20190709|0955|0010CZE460|1|81.76|
20190709|1000|0010CZE460|1|84.78|
20190709|1005|0010CZE460|1|89.27|
20190709|1010|0010CZE460|1|90.23|
20190709|1015|0010CZE460|1|91.87|
20190709|1020|0010CZE460|1|87.33|
20190709|1025|0010CZE460|1|85.30|
20190709|1030|0010CZE460|1|85.14|
20190709|1035|0010CZE460|1|87.90|
20190709|1040|0010CZE460|1|85.79|
20190709|1045|0010CZE460|1|86.01|
20190709|1050|0010CZE460|1|85.28|
20190709|1055|0010CZE460|1|83.93|
20190709|1100|0010CZE460|1|84.75|
20190709|1105|0010CZE460|1|84.28|
20190709|1110|0010CZE460|1|83.85|
20190709|1115|0010CZE460|1|92.06|
20190709|1120|0010CZE460|1|94.95|
20190709|1125|0010CZE460|1|91.63|
20190709|1130|0010CZE460|1|91.99|
20190709|1135|0010CZE460|1|90.13|
20190709|1140|0010CZE460|1|87.87|
20190709|1145|0010CZE460|1|84.46|
20190709|1150|0010CZE460|1|81.34|
20190709|1155|0010CZE460|1|82.18|
20190709|1200|0010CZE460|1|84.99|
20190709|1205|0010CZE460|1|90.33|
20190709|1210|0010CZE460|1|89.78|
20190709|1215|0010CZE460|1|90.51|
20190709|1220|0010CZE460|1|88.85|
20190709|1225|0010CZE460|1|89.61|
20190709|1230|0010CZE460|1|89.89|
20190709|1235|0010CZE460|1|89.63|
20190709|1240|0010CZE460|1|88.64|
20190709|1245|0010CZE460|1|82.32|
20190709|1250|0010CZE460|1|82.37|
20190709|1255|0010CZE460|1|83.03|
20190709|1300|0010CZE460|1|84.59|
20190709|1305|0010CZE460|1|81.43|
20190709|1310|0010CZE460|1|80.69|
20190709|1315|0010CZE460|1|80.27|
20190709|1320|0010CZE460|1|84.17|
20190709|1325|0010CZE460|1|87.12|
20190709|1330|0010CZE460|1|86.03|
20190709|1335|0010CZE460|1|82.53|
20190709|1340|0010CZE460|1|63.10|
20190709|1345|0010CZE460|1|58.67|
20190709|1350|0010CZE460|1|47.01|
20190709|1355|0010CZE460|1|42.90|
20190709|1400|0010CZE460|1|47.81|
20190709|1405|0010CZE460|1|48.92|
20190709|1410|0010CZE460|1|53.91|
20190709|1415|0010CZE460|1|58.74|
20190709|1420|0010CZE460|1|66.84|
20190709|1425|0010CZE460|1|70.96|
20190709|1430|0010CZE460|1|70.95|
20190709|1435|0010CZE460|1|62.70|
20190709|1440|0010CZE460|1|57.12|
20190709|1445|0010CZE460|1|55.93|
20190709|1450|0010CZE460|1|53.24|
20190709|1455|0010CZE460|1|48.86|
20190709|1500|0010CZE460|1|45.80|
20190709|1505|0010CZE460|1|45.06|
20190709|1510|0010CZE460|1|38.37|
20190709|1515|0010CZE460|1|37.40|
20190709|1520|0010CZE460|1|41.59|
20190709|1525|0010CZE460|1|45.67|
20190709|1530|0010CZE460|1|49.40|
20190709|1535|0010CZE460|1|43.92|
20190709|1540|0010CZE460|1|57.68|
20190709|1545|0010CZE460|1|70.61|
20190709|1550|0010CZE460|1|73.34|
20190709|1555|0010CZE460|1|79.82|
20190709|1600|0010CZE460|1|76.07|
20190709|1605|0010CZE460|1|80.08|
20190709|1610|0010CZE460|1|76.54|
20190709|1615|0010CZE460|1|75.47|
20190709|1620|0010CZE460|1|70.37|
20190709|1625|0010CZE460|1|66.52|
20190709|1630|0010CZE460|1|58.28|
20190709|1635|0010CZE460|1|52.07|
20190709|1640|0010CZE460|1|52.44|
20190709|1645|0010CZE460|1|60.52|
20190709|1650|0010CZE460|1|62.98|
20190709|1655|0010CZE460|1|65.49|
20190709|1700|0010CZE460|1|71.77|
20190709|1705|0010CZE460|1|70.79|
20190709|1710|0010CZE460|1|72.71|
20190709|1715|0010CZE460|1|73.79|
20190709|1720|0010CZE460|1|72.81|
20190709|1725|0010CZE460|1|72.44|
20190709|1730|0010CZE460|1|71.83|
20190709|1735|0010CZE460|1|72.52|
20190709|1740|0010CZE460|1|72.53|
20190709|1745|0010CZE460|1|74.06|
20190709|1750|0010CZE460|1|72.50|
20190709|1755|0010CZE460|1|74.43|
20190709|1800|0010CZE460|1|72.28|
20190709|1805|0010CZE460|1|78.15|
20190709|1810|0010CZE460|1|80.55|
20190709|1815|0010CZE460|1|85.15|
20190709|1820|0010CZE460|1|86.13|
20190709|1825|0010CZE460|1|87.24|
20190709|1830|0010CZE460|1|85.26|
20190709|1835|0010CZE460|1|81.92|
20190709|1840|0010CZE460|1|83.92|
20190709|1845|0010CZE460|1|84.49|
20190709|1850|0010CZE460|1|89.07|
20190709|1855|0010CZE460|1|88.92|
20190709|1900|0010CZE460|1|87.04|
20190709|1905|0010CZE460|1|90.04|
20190709|1910|0010CZE460|1|88.05|
20190709|1915|0010CZE460|1|94.51|
20190709|1920|0010CZE460|1|91.62|
20190709|1925|0010CZE460|1|89.01|
20190709|1930|0010CZE460|1|84.77|
20190709|1935|0010CZE460|1|85.78|
20190709|1940|0010CZE460|1|87.11|
20190709|1945|0010CZE460|1|82.02|
20190709|1950|0010CZE460|1|83.41|
20190709|1955|0010CZE460|1|86.63|
20190709|2000|0010CZE460|1|90.27|
20190709|2005|0010CZE460|1|89.11|
20190709|2010|0010CZE460|1|86.70|
20190709|2015|0010CZE460|1|86.09|
20190709|2020|0010CZE460|1|85.46|
20190709|2025|0010CZE460|1|84.80|
20190709|2030|0010CZE460|1|85.59|
20190709|2035|0010CZE460|1|87.99|
20190709|2040|0010CZE460|1|85.17|
20190709|2045|0010CZE460|1|82.84|
20190709|2050|0010CZE460|1|82.99|
20190709|2055|0010CZE460|1|84.47|
20190709|2100|0010CZE460|1|90.88|
20190709|2105|0010CZE460|1|94.34|
20190709|2110|0010CZE460|1|94.36|
20190709|2115|0010CZE460|1|93.05|
20190709|2120|0010CZE460|1|92.99|
20190709|2125|0010CZE460|1|93.07|
20190709|2130|0010CZE460|1|92.24|
20190709|2135|0010CZE460|1|93.88|
20190709|2140|0010CZE460|1|94.26|
20190709|2145|0010CZE460|1|97.51|
20190709|2150|0010CZE460|1|94.76|
20190709|2155|0010CZE460|1|94.69|
20190709|2200|0010CZE460|1|96.85|
20190709|2205|0010CZE460|1|96.93|
20190709|2210|0010CZE460|1|96.18|
20190709|2215|0010CZE460|1|95.71|
20190709|2220|0010CZE460|1|96.17|
20190709|2225|0010CZE460|1|95.80|
20190709|2230|0010CZE460|1|96.57|
20190709|2235|0010CZE460|1|95.10|
20190709|2240|0010CZE460|1|98.16|
20190709|2245|0010CZE460|1|101.64|
20190709|2250|0010CZE460|1|101.29|
20190709|2255|0010CZE460|1|97.96|
20190709|2300|0010CZE460|1|98.82|
20190709|2305|0010CZE460|1|100.81|
20190709|2310|0010CZE460|1|100.62|
20190709|2315|0010CZE460|1|101.51|
20190709|2320|0010CZE460|1|103.19|
20190709|2325|0010CZE460|1|101.86|
20190709|2330|0010CZE460|1|102.80|
20190709|2335|0010CZE460|1|102.75|
20190709|2340|0010CZE460|1|98.92|
20190709|2345|0010CZE460|1|102.73|
20190709|2350|0010CZE460|1|103.40|
20190709|2355|0010CZE460|1|104.05|