20190714|0000|0010CZE450|1|257|
20190714|0005|0010CZE450|1|252|
20190714|0010|0010CZE450|1|225|
20190714|0015|0010CZE450|1|211|
20190714|0020|0010CZE450|1|176|
20190714|0025|0010CZE450|1|187|
20190714|0030|0010CZE450|1|169|
20190714|0035|0010CZE450|1|166|
20190714|0040|0010CZE450|1|171|
20190714|0045|0010CZE450|1|153|
20190714|0050|0010CZE450|1|166|
20190714|0055|0010CZE450|1|168|
20190714|0100|0010CZE450|1|168|
20190714|0105|0010CZE450|1|151|
20190714|0110|0010CZE450|1|148|
20190714|0115|0010CZE450|1|117|
20190714|0120|0010CZE450|1|128|
20190714|0125|0010CZE450|1|100|
20190714|0130|0010CZE450|1|120|
20190714|0135|0010CZE450|1|121|
20190714|0140|0010CZE450|1|129|
20190714|0145|0010CZE450|1|116|
20190714|0150|0010CZE450|1|108|
20190714|0155|0010CZE450|1|83|
20190714|0200|0010CZE450|1|97|
20190714|0205|0010CZE450|1|87|
20190714|0210|0010CZE450|1|90|
20190714|0215|0010CZE450|1|105|
20190714|0220|0010CZE450|1|85|
20190714|0225|0010CZE450|1|67|
20190714|0230|0010CZE450|1|82|
20190714|0235|0010CZE450|1|73|
20190714|0240|0010CZE450|1|64|
20190714|0245|0010CZE450|1|70|
20190714|0250|0010CZE450|1|75|
20190714|0255|0010CZE450|1|62|
20190714|0300|0010CZE450|1|77|
20190714|0305|0010CZE450|1|85|
20190714|0310|0010CZE450|1|65|
20190714|0315|0010CZE450|1|60|
20190714|0320|0010CZE450|1|43|
20190714|0325|0010CZE450|1|66|
20190714|0330|0010CZE450|1|66|
20190714|0335|0010CZE450|1|60|
20190714|0340|0010CZE450|1|57|
20190714|0345|0010CZE450|1|53|
20190714|0350|0010CZE450|1|63|
20190714|0355|0010CZE450|1|62|
20190714|0400|0010CZE450|1|60|
20190714|0405|0010CZE450|1|68|
20190714|0410|0010CZE450|1|66|
20190714|0415|0010CZE450|1|75|
20190714|0420|0010CZE450|1|75|
20190714|0425|0010CZE450|1|73|
20190714|0430|0010CZE450|1|75|
20190714|0435|0010CZE450|1|72|
20190714|0440|0010CZE450|1|82|
20190714|0445|0010CZE450|1|101|
20190714|0450|0010CZE450|1|91|
20190714|0455|0010CZE450|1|82|
20190714|0500|0010CZE450|1|84|
20190714|0505|0010CZE450|1|86|
20190714|0510|0010CZE450|1|86|
20190714|0515|0010CZE450|1|118|
20190714|0520|0010CZE450|1|153|
20190714|0525|0010CZE450|1|140|
20190714|0530|0010CZE450|1|147|
20190714|0535|0010CZE450|1|131|
20190714|0540|0010CZE450|1|133|
20190714|0545|0010CZE450|1|158|
20190714|0550|0010CZE450|1|138|
20190714|0555|0010CZE450|1|148|
20190714|0600|0010CZE450|1|159|
20190714|0605|0010CZE450|1|157|
20190714|0610|0010CZE450|1|169|
20190714|0615|0010CZE450|1|191|
20190714|0620|0010CZE450|1|195|
20190714|0625|0010CZE450|1|184|
20190714|0630|0010CZE450|1|193|
20190714|0635|0010CZE450|1|212|
20190714|0640|0010CZE450|1|193|
20190714|0645|0010CZE450|1|202|
20190714|0650|0010CZE450|1|222|
20190714|0655|0010CZE450|1|194|
20190714|0700|0010CZE450|1|180|
20190714|0705|0010CZE450|1|195|
20190714|0710|0010CZE450|1|194|
20190714|0715|0010CZE450|1|234|
20190714|0720|0010CZE450|1|241|
20190714|0725|0010CZE450|1|210|
20190714|0730|0010CZE450|1|231|
20190714|0735|0010CZE450|1|233|
20190714|0740|0010CZE450|1|271|
20190714|0745|0010CZE450|1|274|
20190714|0750|0010CZE450|1|279|
20190714|0755|0010CZE450|1|278|
20190714|0800|0010CZE450|1|285|
20190714|0805|0010CZE450|1|291|
20190714|0810|0010CZE450|1|262|
20190714|0815|0010CZE450|1|344|
20190714|0820|0010CZE450|1|326|
20190714|0825|0010CZE450|1|368|
20190714|0830|0010CZE450|1|356|
20190714|0835|0010CZE450|1|400|
20190714|0840|0010CZE450|1|343|
20190714|0845|0010CZE450|1|371|
20190714|0850|0010CZE450|1|362|
20190714|0855|0010CZE450|1|399|
20190714|0900|0010CZE450|1|375|
20190714|0905|0010CZE450|1|428|
20190714|0910|0010CZE450|1|393|
20190714|0915|0010CZE450|1|452|
20190714|0920|0010CZE450|1|483|
20190714|0925|0010CZE450|1|516|
20190714|0930|0010CZE450|1|510|
20190714|0935|0010CZE450|1|514|
20190714|0940|0010CZE450|1|472|
20190714|0945|0010CZE450|1|457|
20190714|0950|0010CZE450|1|531|
20190714|0955|0010CZE450|1|530|
20190714|1000|0010CZE450|1|482|
20190714|1005|0010CZE450|1|500|
20190714|1010|0010CZE450|1|508|
20190714|1015|0010CZE450|1|478|
20190714|1020|0010CZE450|1|466|
20190714|1025|0010CZE450|1|350|
20190714|1030|0010CZE450|1|394|
20190714|1035|0010CZE450|1|458|
20190714|1040|0010CZE450|1|454|
20190714|1045|0010CZE450|1|408|
20190714|1050|0010CZE450|1|392|
20190714|1055|0010CZE450|1|402|
20190714|1100|0010CZE450|1|433|
20190714|1105|0010CZE450|1|402|
20190714|1110|0010CZE450|1|387|
20190714|1115|0010CZE450|1|423|
20190714|1120|0010CZE450|1|405|
20190714|1125|0010CZE450|1|416|
20190714|1130|0010CZE450|1|400|
20190714|1135|0010CZE450|1|403|
20190714|1140|0010CZE450|1|426|
20190714|1145|0010CZE450|1|459|
20190714|1150|0010CZE450|1|448|
20190714|1155|0010CZE450|1|450|
20190714|1200|0010CZE450|1|445|
20190714|1205|0010CZE450|1|453|
20190714|1210|0010CZE450|1|453|
20190714|1215|0010CZE450|1|480|
20190714|1220|0010CZE450|1|492|
20190714|1225|0010CZE450|1|474|
20190714|1230|0010CZE450|1|452|
20190714|1235|0010CZE450|1|513|
20190714|1240|0010CZE450|1|483|
20190714|1245|0010CZE450|1|493|
20190714|1250|0010CZE450|1|455|
20190714|1255|0010CZE450|1|419|
20190714|1300|0010CZE450|1|478|
20190714|1305|0010CZE450|1|471|
20190714|1310|0010CZE450|1|486|
20190714|1315|0010CZE450|1|467|
20190714|1320|0010CZE450|1|466|
20190714|1325|0010CZE450|1|488|
20190714|1330|0010CZE450|1|489|
20190714|1335|0010CZE450|1|477|
20190714|1340|0010CZE450|1|470|
20190714|1345|0010CZE450|1|470|
20190714|1350|0010CZE450|1|481|
20190714|1355|0010CZE450|1|460|
20190714|1400|0010CZE450|1|472|
20190714|1405|0010CZE450|1|468|
20190714|1410|0010CZE450|1|463|
20190714|1415|0010CZE450|1|464|
20190714|1420|0010CZE450|1|473|
20190714|1425|0010CZE450|1|471|
20190714|1430|0010CZE450|1|455|
20190714|1435|0010CZE450|1|461|
20190714|1440|0010CZE450|1|454|
20190714|1445|0010CZE450|1|471|
20190714|1450|0010CZE450|1|462|
20190714|1455|0010CZE450|1|449|
20190714|1500|0010CZE450|1|469|
20190714|1505|0010CZE450|1|464|
20190714|1510|0010CZE450|1|468|
20190714|1515|0010CZE450|1|441|
20190714|1520|0010CZE450|1|454|
20190714|1525|0010CZE450|1|481|
20190714|1530|0010CZE450|1|463|
20190714|1535|0010CZE450|1|479|
20190714|1540|0010CZE450|1|458|
20190714|1545|0010CZE450|1|471|
20190714|1550|0010CZE450|1|455|
20190714|1555|0010CZE450|1|457|
20190714|1600|0010CZE450|1|458|
20190714|1605|0010CZE450|1|462|
20190714|1610|0010CZE450|1|476|
20190714|1615|0010CZE450|1|451|
20190714|1620|0010CZE450|1|426|
20190714|1625|0010CZE450|1|374|
20190714|1630|0010CZE450|1|393|
20190714|1635|0010CZE450|1|334|
20190714|1640|0010CZE450|1|350|
20190714|1645|0010CZE450|1|379|
20190714|1650|0010CZE450|1|361|
20190714|1655|0010CZE450|1|388|
20190714|1700|0010CZE450|1|436|
20190714|1705|0010CZE450|1|417|
20190714|1710|0010CZE450|1|403|
20190714|1715|0010CZE450|1|437|
20190714|1720|0010CZE450|1|450|
20190714|1725|0010CZE450|1|419|
20190714|1730|0010CZE450|1|418|
20190714|1735|0010CZE450|1|459|
20190714|1740|0010CZE450|1|407|
20190714|1745|0010CZE450|1|458|
20190714|1750|0010CZE450|1|443|
20190714|1755|0010CZE450|1|400|
20190714|1800|0010CZE450|1|429|
20190714|1805|0010CZE450|1|453|
20190714|1810|0010CZE450|1|430|
20190714|1815|0010CZE450|1|421|
20190714|1820|0010CZE450|1|459|
20190714|1825|0010CZE450|1|414|
20190714|1830|0010CZE450|1|409|
20190714|1835|0010CZE450|1|421|
20190714|1840|0010CZE450|1|428|
20190714|1845|0010CZE450|1|426|
20190714|1850|0010CZE450|1|428|
20190714|1855|0010CZE450|1|424|
20190714|1900|0010CZE450|1|415|
20190714|1905|0010CZE450|1|442|
20190714|1910|0010CZE450|1|423|
20190714|1915|0010CZE450|1|427|
20190714|1920|0010CZE450|1|422|
20190714|1925|0010CZE450|1|422|
20190714|1930|0010CZE450|1|417|
20190714|1935|0010CZE450|1|432|
20190714|1940|0010CZE450|1|420|
20190714|1945|0010CZE450|1|384|
20190714|1950|0010CZE450|1|347|
20190714|1955|0010CZE450|1|334|
20190714|2000|0010CZE450|1|402|
20190714|2005|0010CZE450|1|417|
20190714|2010|0010CZE450|1|427|
20190714|2015|0010CZE450|1|373|
20190714|2020|0010CZE450|1|335|
20190714|2025|0010CZE450|1|369|
20190714|2030|0010CZE450|1|330|
20190714|2035|0010CZE450|1|376|
20190714|2040|0010CZE450|1|355|
20190714|2045|0010CZE450|1|331|
20190714|2050|0010CZE450|1|344|
20190714|2055|0010CZE450|1|387|
20190714|2100|0010CZE450|1|431|
20190714|2105|0010CZE450|1|381|
20190714|2110|0010CZE450|1|428|
20190714|2115|0010CZE450|1|474|
20190714|2120|0010CZE450|1|462|
20190714|2125|0010CZE450|1|427|
20190714|2130|0010CZE450|1|434|
20190714|2135|0010CZE450|1|459|
20190714|2140|0010CZE450|1|468|
20190714|2145|0010CZE450|1|423|
20190714|2150|0010CZE450|1|417|
20190714|2155|0010CZE450|1|457|
20190714|2200|0010CZE450|1|464|
20190714|2205|0010CZE450|1|457|
20190714|2210|0010CZE450|1|410|
20190714|2215|0010CZE450|1|388|
20190714|2220|0010CZE450|1|427|
20190714|2225|0010CZE450|1|429|
20190714|2230|0010CZE450|1|412|
20190714|2235|0010CZE450|1|386|
20190714|2240|0010CZE450|1|436|
20190714|2245|0010CZE450|1|334|
20190714|2250|0010CZE450|1|424|
20190714|2255|0010CZE450|1|369|
20190714|2300|0010CZE450|1|363|
20190714|2305|0010CZE450|1|365|
20190714|2310|0010CZE450|1|369|
20190714|2315|0010CZE450|1|365|
20190714|2320|0010CZE450|1|293|
20190714|2325|0010CZE450|1|257|
20190714|2330|0010CZE450|1|287|
20190714|2335|0010CZE450|1|227|
20190714|2340|0010CZE450|1|295|
20190714|2345|0010CZE450|1|254|
20190714|2350|0010CZE450|1|253|
20190714|2355|0010CZE450|1|237|