20190703|0000|0010CZE460|1|159|
20190703|0005|0010CZE460|1|154|
20190703|0010|0010CZE460|1|142|
20190703|0015|0010CZE460|1|155|
20190703|0020|0010CZE460|1|142|
20190703|0025|0010CZE460|1|110|
20190703|0030|0010CZE460|1|122|
20190703|0035|0010CZE460|1|145|
20190703|0040|0010CZE460|1|136|
20190703|0045|0010CZE460|1|123|
20190703|0050|0010CZE460|1|126|
20190703|0055|0010CZE460|1|115|
20190703|0100|0010CZE460|1|98|
20190703|0105|0010CZE460|1|109|
20190703|0110|0010CZE460|1|108|
20190703|0115|0010CZE460|1|108|
20190703|0120|0010CZE460|1|101|
20190703|0125|0010CZE460|1|106|
20190703|0130|0010CZE460|1|105|
20190703|0135|0010CZE460|1|93|
20190703|0140|0010CZE460|1|98|
20190703|0145|0010CZE460|1|93|
20190703|0150|0010CZE460|1|91|
20190703|0155|0010CZE460|1|95|
20190703|0200|0010CZE460|1|94|
20190703|0205|0010CZE460|1|91|
20190703|0210|0010CZE460|1|92|
20190703|0215|0010CZE460|1|93|
20190703|0220|0010CZE460|1|83|
20190703|0225|0010CZE460|1|79|
20190703|0230|0010CZE460|1|65|
20190703|0235|0010CZE460|1|78|
20190703|0240|0010CZE460|1|64|
20190703|0245|0010CZE460|1|73|
20190703|0250|0010CZE460|1|68|
20190703|0255|0010CZE460|1|68|
20190703|0300|0010CZE460|1|62|
20190703|0305|0010CZE460|1|66|
20190703|0310|0010CZE460|1|63|
20190703|0315|0010CZE460|1|79|
20190703|0320|0010CZE460|1|67|
20190703|0325|0010CZE460|1|74|
20190703|0330|0010CZE460|1|69|
20190703|0335|0010CZE460|1|68|
20190703|0340|0010CZE460|1|57|
20190703|0345|0010CZE460|1|65|
20190703|0350|0010CZE460|1|64|
20190703|0355|0010CZE460|1|64|
20190703|0400|0010CZE460|1|77|
20190703|0405|0010CZE460|1|70|
20190703|0410|0010CZE460|1|75|
20190703|0415|0010CZE460|1|95|
20190703|0420|0010CZE460|1|82|
20190703|0425|0010CZE460|1|98|
20190703|0430|0010CZE460|1|90|
20190703|0435|0010CZE460|1|88|
20190703|0440|0010CZE460|1|115|
20190703|0445|0010CZE460|1|129|
20190703|0450|0010CZE460|1|104|
20190703|0455|0010CZE460|1|109|
20190703|0500|0010CZE460|1|132|
20190703|0505|0010CZE460|1|150|
20190703|0510|0010CZE460|1|169|
20190703|0515|0010CZE460|1|154|
20190703|0520|0010CZE460|1|198|
20190703|0525|0010CZE460|1|217|
20190703|0530|0010CZE460|1|238|
20190703|0535|0010CZE460|1|257|
20190703|0540|0010CZE460|1|288|
20190703|0545|0010CZE460|1|301|
20190703|0550|0010CZE460|1|318|
20190703|0555|0010CZE460|1|313|
20190703|0600|0010CZE460|1|329|
20190703|0605|0010CZE460|1|395|
20190703|0610|0010CZE460|1|334|
20190703|0615|0010CZE460|1|363|
20190703|0620|0010CZE460|1|403|
20190703|0625|0010CZE460|1|404|
20190703|0630|0010CZE460|1|402|
20190703|0635|0010CZE460|1|400|
20190703|0640|0010CZE460|1|426|
20190703|0645|0010CZE460|1|422|
20190703|0650|0010CZE460|1|419|
20190703|0655|0010CZE460|1|425|
20190703|0700|0010CZE460|1|388|
20190703|0705|0010CZE460|1|384|
20190703|0710|0010CZE460|1|418|
20190703|0715|0010CZE460|1|434|
20190703|0720|0010CZE460|1|409|
20190703|0725|0010CZE460|1|425|
20190703|0730|0010CZE460|1|424|
20190703|0735|0010CZE460|1|433|
20190703|0740|0010CZE460|1|440|
20190703|0745|0010CZE460|1|443|
20190703|0750|0010CZE460|1|465|
20190703|0755|0010CZE460|1|464|
20190703|0800|0010CZE460|1|466|
20190703|0805|0010CZE460|1|454|
20190703|0810|0010CZE460|1|475|
20190703|0815|0010CZE460|1|451|
20190703|0820|0010CZE460|1|455|
20190703|0825|0010CZE460|1|472|
20190703|0830|0010CZE460|1|485|
20190703|0835|0010CZE460|1|446|
20190703|0840|0010CZE460|1|379|
20190703|0845|0010CZE460|1|378|
20190703|0850|0010CZE460|1|383|
20190703|0855|0010CZE460|1|376|
20190703|0900|0010CZE460|1|352|
20190703|0905|0010CZE460|1|369|
20190703|0910|0010CZE460|1|383|
20190703|0915|0010CZE460|1|438|
20190703|0920|0010CZE460|1|457|
20190703|0925|0010CZE460|1|467|
20190703|0930|0010CZE460|1|456|
20190703|0935|0010CZE460|1|447|
20190703|0940|0010CZE460|1|387|
20190703|0945|0010CZE460|1|404|
20190703|0950|0010CZE460|1|403|
20190703|0955|0010CZE460|1|400|
20190703|1000|0010CZE460|1|370|
20190703|1005|0010CZE460|1|403|
20190703|1010|0010CZE460|1|403|
20190703|1015|0010CZE460|1|371|
20190703|1020|0010CZE460|1|376|
20190703|1025|0010CZE460|1|339|
20190703|1030|0010CZE460|1|355|
20190703|1035|0010CZE460|1|353|
20190703|1040|0010CZE460|1|345|
20190703|1045|0010CZE460|1|336|
20190703|1050|0010CZE460|1|339|
20190703|1055|0010CZE460|1|335|
20190703|1100|0010CZE460|1|333|
20190703|1105|0010CZE460|1|323|
20190703|1110|0010CZE460|1|336|
20190703|1115|0010CZE460|1|322|
20190703|1120|0010CZE460|1|342|
20190703|1125|0010CZE460|1|358|
20190703|1130|0010CZE460|1|327|
20190703|1135|0010CZE460|1|340|
20190703|1140|0010CZE460|1|313|
20190703|1145|0010CZE460|1|292|
20190703|1150|0010CZE460|1|294|
20190703|1155|0010CZE460|1|313|
20190703|1200|0010CZE460|1|338|
20190703|1205|0010CZE460|1|327|
20190703|1210|0010CZE460|1|322|
20190703|1215|0010CZE460|1|322|
20190703|1220|0010CZE460|1|319|
20190703|1225|0010CZE460|1|302|
20190703|1230|0010CZE460|1|319|
20190703|1235|0010CZE460|1|389|
20190703|1240|0010CZE460|1|401|
20190703|1245|0010CZE460|1|421|
20190703|1250|0010CZE460|1|411|
20190703|1255|0010CZE460|1|416|
20190703|1300|0010CZE460|1|419|
20190703|1305|0010CZE460|1|402|
20190703|1310|0010CZE460|1|427|
20190703|1315|0010CZE460|1|421|
20190703|1320|0010CZE460|1|407|
20190703|1325|0010CZE460|1|419|
20190703|1330|0010CZE460|1|389|
20190703|1335|0010CZE460|1|388|
20190703|1340|0010CZE460|1|365|
20190703|1345|0010CZE460|1|373|
20190703|1350|0010CZE460|1|382|
20190703|1355|0010CZE460|1|393|
20190703|1400|0010CZE460|1|398|
20190703|1405|0010CZE460|1|410|
20190703|1410|0010CZE460|1|412|
20190703|1415|0010CZE460|1|415|
20190703|1420|0010CZE460|1|416|
20190703|1425|0010CZE460|1|399|
20190703|1430|0010CZE460|1|429|
20190703|1435|0010CZE460|1|383|
20190703|1440|0010CZE460|1|396|
20190703|1445|0010CZE460|1|413|
20190703|1450|0010CZE460|1|399|
20190703|1455|0010CZE460|1|391|
20190703|1500|0010CZE460|1|394|
20190703|1505|0010CZE460|1|408|
20190703|1510|0010CZE460|1|429|
20190703|1515|0010CZE460|1|411|
20190703|1520|0010CZE460|1|414|
20190703|1525|0010CZE460|1|394|
20190703|1530|0010CZE460|1|396|
20190703|1535|0010CZE460|1|414|
20190703|1540|0010CZE460|1|392|
20190703|1545|0010CZE460|1|420|
20190703|1550|0010CZE460|1|375|
20190703|1555|0010CZE460|1|394|
20190703|1600|0010CZE460|1|402|
20190703|1605|0010CZE460|1|391|
20190703|1610|0010CZE460|1|393|
20190703|1615|0010CZE460|1|395|
20190703|1620|0010CZE460|1|367|
20190703|1625|0010CZE460|1|357|
20190703|1630|0010CZE460|1|396|
20190703|1635|0010CZE460|1|413|
20190703|1640|0010CZE460|1|460|
20190703|1645|0010CZE460|1|472|
20190703|1650|0010CZE460|1|486|
20190703|1655|0010CZE460|1|461|
20190703|1700|0010CZE460|1|449|
20190703|1705|0010CZE460|1|452|
20190703|1710|0010CZE460|1|443|
20190703|1715|0010CZE460|1|456|
20190703|1720|0010CZE460|1|446|
20190703|1725|0010CZE460|1|428|
20190703|1730|0010CZE460|1|435|
20190703|1735|0010CZE460|1|439|
20190703|1740|0010CZE460|1|439|
20190703|1745|0010CZE460|1|423|
20190703|1750|0010CZE460|1|440|
20190703|1755|0010CZE460|1|434|
20190703|1800|0010CZE460|1|436|
20190703|1805|0010CZE460|1|422|
20190703|1810|0010CZE460|1|382|
20190703|1815|0010CZE460|1|390|
20190703|1820|0010CZE460|1|396|
20190703|1825|0010CZE460|1|413|
20190703|1830|0010CZE460|1|382|
20190703|1835|0010CZE460|1|412|
20190703|1840|0010CZE460|1|394|
20190703|1845|0010CZE460|1|393|
20190703|1850|0010CZE460|1|377|
20190703|1855|0010CZE460|1|360|
20190703|1900|0010CZE460|1|375|
20190703|1905|0010CZE460|1|392|
20190703|1910|0010CZE460|1|359|
20190703|1915|0010CZE460|1|360|
20190703|1920|0010CZE460|1|364|
20190703|1925|0010CZE460|1|359|
20190703|1930|0010CZE460|1|340|
20190703|1935|0010CZE460|1|326|
20190703|1940|0010CZE460|1|335|
20190703|1945|0010CZE460|1|331|
20190703|1950|0010CZE460|1|360|
20190703|1955|0010CZE460|1|375|
20190703|2000|0010CZE460|1|392|
20190703|2005|0010CZE460|1|331|
20190703|2010|0010CZE460|1|365|
20190703|2015|0010CZE460|1|329|
20190703|2020|0010CZE460|1|294|
20190703|2025|0010CZE460|1|322|
20190703|2030|0010CZE460|1|333|
20190703|2035|0010CZE460|1|276|
20190703|2040|0010CZE460|1|346|
20190703|2045|0010CZE460|1|346|
20190703|2050|0010CZE460|1|304|
20190703|2055|0010CZE460|1|311|
20190703|2100|0010CZE460|1|349|
20190703|2105|0010CZE460|1|373|
20190703|2110|0010CZE460|1|370|
20190703|2115|0010CZE460|1|353|
20190703|2120|0010CZE460|1|343|
20190703|2125|0010CZE460|1|372|
20190703|2130|0010CZE460|1|328|
20190703|2135|0010CZE460|1|374|
20190703|2140|0010CZE460|1|369|
20190703|2145|0010CZE460|1|315|
20190703|2150|0010CZE460|1|302|
20190703|2155|0010CZE460|1|253|
20190703|2200|0010CZE460|1|307|
20190703|2205|0010CZE460|1|317|
20190703|2210|0010CZE460|1|282|
20190703|2215|0010CZE460|1|270|
20190703|2220|0010CZE460|1|288|
20190703|2225|0010CZE460|1|268|
20190703|2230|0010CZE460|1|264|
20190703|2235|0010CZE460|1|268|
20190703|2240|0010CZE460|1|278|
20190703|2245|0010CZE460|1|274|
20190703|2250|0010CZE460|1|267|
20190703|2255|0010CZE460|1|239|
20190703|2300|0010CZE460|1|237|
20190703|2305|0010CZE460|1|234|
20190703|2310|0010CZE460|1|182|
20190703|2315|0010CZE460|1|200|
20190703|2320|0010CZE460|1|236|
20190703|2325|0010CZE460|1|203|
20190703|2330|0010CZE460|1|202|
20190703|2335|0010CZE460|1|201|
20190703|2340|0010CZE460|1|179|
20190703|2345|0010CZE460|1|179|
20190703|2350|0010CZE460|1|164|
20190703|2355|0010CZE460|1|165|